1856
-11.7106  -25.4994  78.5912  91  89  81  
-11.4711  -25.5116  78.6292  81  79  70  
-6.52663  -26.3243  81.1241  60  55  49  
-4.8597  -21.4415  66.6936  115  114  102  
-5.69305  -26.5617  81.8511  67  62  57  
-10.2284  -21.2733  65.8509  124  122  112  
-3.34319  -22.8007  70.8782  104  101  90  
-12.9807  -23.0814  71.7183  60  59  52  
-15.367  -18.6653  58.2728  84  114  128  
-13.2073  -22.561  71.138  73  71  64  
-9.89897  -20.6046  65.0425  79  77  67  
-15.5492  -18.287  57.9392  27  30  23  
-7.22627  -28.8819  91.761  63  61  51  
-2.73432  -20.9688  66.6794  62  57  47  
-18.5705  -22.1141  70.4145  66  105  114  
-5.53474  -24.9575  79.5974  178  176  163  
-11.4545  -20.0089  64.1125  109  108  98  
-11.8888  -23.537  75.841  79  77  66  
-11.3751  -23.3348  75.5722  68  66  58  
-9.9744  -21.9721  71.0316  96  92  84  
-5.46765  -24.2883  78.6417  68  66  56  
-4.41963  -28.6552  92.8729  71  66  57  
-2.71192  -21.1828  68.8619  72  69  62  
-3.03472  -29.2509  94.7903  71  66  58  
-11.4984  -19.347  63.2619  65  62  55  
-11.3028  -19.3496  63.2707  59  57  49  
-15.1634  -17.4207  57.1773  64  116  125  
-9.63297  -19.2623  63.3099  124  122  108  
-10.7812  -22.7226  74.7286  87  86  73  
-3.16882  -23.8835  79.3235  109  105  91  
-11.1504  -18.6996  62.4249  59  57  48  
-7.77164  -22.4248  74.9017  153  154  140  
-5.33486  -22.9824  76.7489  68  66  53  
-34.2735  -37.0333  124.748  39  69  78  
-9.55981  -18.4378  62.2018  105  104  91  
-10.8985  -21.6784  73.1815  57  55  42  
-3.7214  -26.6448  90.0105  104  101  90  
-11.0357  -18.2184  61.7882  170  169  155  
-7.54692  -15.7504  53.3931  77  75  64  
-11.3694  -21.2641  72.551  72  71  60  
-13.1674  -21.1332  72.487  82  82  70  
-6.94638  -24.7208  84.8893  64  62  49  
-3.73735  -14.4367  49.5245  64  64  52  
-10.9207  -17.7426  61.1495  79  78  67  
-5.92585  -24.746  85.428  114  113  101  
-12.1532  -23.3919  81.6589  80  78  67  
-5.91178  -24.3609  85.2428  89  87  78  
-11.5647  -17.2803  60.5361  97  97  84  
-13.1853  -20.3594  71.3685  99  99  86  
-11.1336  -20.2688  71.0566  64  62  54  
-5.35518  -21.0474  73.7616  79  77  69  
-15.8497  -15.8791  55.8393  63  110  117  
-15.1358  -24.2159  85.1933  123  121  106  
-9.99844  -20.1017  70.8604  68  66  52  
-6.41095  -23.5494  83.1026  84  81  72  
-2.40946  -16.5169  58.69  143  138  124  
-5.80226  -23.5161  83.667  88  84  74  
-18.4895  -18.8848  67.1603  24  29  31  
-15.7261  -23.8377  84.7949  73  72  65  
-15.3158  -23.817  84.7226  85  84  77  
-5.98823  -23.1577  82.6316  73  70  59  
-15.0849  -15.3736  55.2794  65  114  134  
-13.4943  -19.4461  70.0921  65  65  56  
-12.6931  -23.349  83.9969  75  74  64  
-17.3002  -18.5917  67.234  48  48  41  
-12.1298  -18.3865  66.5043  169  168  154  
-11.8726  -23.1509  83.7561  60  58  51  
-3.86007  -23.1321  83.9248  96  94  81  
-3.36555  -23.3286  84.6313  97  94  83  
-2.1  -17.4021  63.3416  101  98  86  
-15.0112  -14.9987  54.8583  19  26  29  
-15.0807  -22.8021  83.4354  91  88  81  
-11.7518  -18.0765  66.1316  83  80  72  
-10.7573  -18.7263  68.6707  55  54  44  
-10.121  -18.7367  68.7084  64  62  54  
-6.18563  -21.8454  80.1969  134  132  123  
-5.28174  -19.4352  71.2411  171  170  158  
-5.60488  -22.0184  80.8258  80  78  66  
-3.56042  -22.4983  83.0386  75  72  61  
-3.31606  -22.5958  83.3951  84  80  70  
-1.91904  -15.5102  57.6678  94  91  78  
-17.7609  -18.0545  66.8013  64  120  127  
-5.89338  -21.4409  79.6267  74  70  64  
-3.88489  -21.8811  81.7111  66  64  54  
-3.0767  -22.4337  83.9933  173  172  155  
-12.7474  -18.0848  67.8752  81  82  71  
-6.3985  -20.8169  78.2268  79  79  64  
-5.94675  -20.9431  78.6961  92  88  79  
-14.7069  -21.7913  82.0887  71  69  61  
-4.86457  -18.5578  70.0325  91  89  78  
-10.0381  -17.1717  65.055  74  72  63  
-9.55098  -17.6334  66.974  82  79  71  
-2.19223  -14.486  55.4894  84  83  72  
-2.87447  -21.5565  81.9226  83  81  74  
-2.63152  -21.657  82.3004  79  77  69  
-2.71181  -15.4958  59.474  143  141  126  
-5.71498  -20.068  77.2273  55  51  42  
-5.49269  -20.1354  77.4836  54  52  40  
-15.3183  -21.0638  81.2635  72  72  63  
-14.38  -20.9896  80.9798  76  74  66  
-6.23488  -19.6888  76.2351  69  67  56  
-10.086  -16.8878  65.7098  89  90  73  
-5.32655  -19.7251  76.8306  102  101  90  
-14.5475  -20.6165  80.5125  60  58  49  
-5.62759  -19.4046  76.0513  167  166  153  
-10.0956  -16.5305  65.1148  81  78  71  
-14.096  -13.4636  53.1996  67  101  116  
-14.3161  -20.2162  79.927  98  96  88  
-6.10656  -18.8167  74.6726  55  53  44  
-5.35391  -19.0365  75.5341  54  53  41  
-14.6635  -20.0553  79.7839  66  64  55  
-15.0749  -25.6213  101.995  85  83  75  
-18.2674  -16.4082  65.6404  12  26  25  
-11.4185  -19.6993  78.8628  62  60  52  
-17.5836  -16  64.8246  66  117  134  
-12.3255  -19.3332  78.3803  67  64  58  
-15.2611  -19.3684  79.018  79  79  69  
-14.7252  -19.3122  78.7906  101  101  91  
-11.8619  -18.9341  77.7496  86  84  77  
-2.80967  -18.6194  76.6989  59  57  45  
-14.8873  -18.9599  78.3539  69  68  59  
-11.22  -15.1788  62.9013  66  65  57  
-18.3187  -15.4324  64.5656  69  115  123  
-2.53641  -17.8425  75.6868  68  67  56  
-14.1502  -18.1528  77.0142  67  68  59  
-12.0041  -17.996  76.3525  69  70  58  
-9.17832  -14.4716  61.3742  93  94  83  
-5.05975  -16.7626  71.3984  57  56  45  
-3.26126  -17.189  73.4266  71  68  56  
-18.6859  -23.4091  100.037  109  110  100  
-17.4922  -15.0597  64.6895  59  106  115  
-14.833  -17.8669  76.8197  99  101  88  
-13.6592  -17.7428  76.2896  90  90  81  
-18.2902  -14.9498  64.6519  64  113  127  
-3.50783  -16.39  71.4599  102  101  93  
-2.9009  -16.7462  72.9915  68  66  60  
-18.4472  -14.7125  64.4969  98  118  123  
-17.1021  -14.6834  64.3678  60  98  107  
-8.87968  -25.0419  110.195  106  105  93  
-5.19893  -15.5115  68.8339  87  85  75  
-4.80736  -15.6333  69.3663  75  75  65  
-17.0473  -14.4367  64.1647  70  109  126  
-14.1676  -16.9027  75.2082  167  167  153  
-17.9478  -21.7654  96.9137  54  55  42  
-9.23103  -13.3458  59.5668  79  78  69  
-13.9992  -21.0564  93.7765  58  59  51  
-2.4294  -16.1798  72.4899  85  83  72  
-17.7496  -14.3369  64.1672  66  108  122  
-18.8064  -21.7329  97.4422  65  63  54  
-13.3477  -16.6404  74.5635  63  61  52  
-3.02189  -15.6218  70.5073  82  79  73  
-18.3483  -14.2344  64.1575  100  119  124  
-16.5091  -12.7876  58.5388  67  119  132  
-17.1447  -13.9534  63.7878  57  110  120  
-13.9492  -16.18  74.0578  55  54  44  
-13.7047  -20.0396  91.8142  69  69  58  
-8.0404  -23.0787  105.944  119  118  106  
-4.68514  -14.7068  67.6069  77  76  66  
-14.4167  -19.8906  91.7891  67  65  56  
-13.1707  -19.7398  91.096  65  66  57  
-2.3656  -15.201  70.5823  72  70  57  
-5.01454  -23.2777  108.372  78  77  63  
-13.4051  -15.6031  72.9889  82  78  74  
-13.0317  -15.5647  72.8106  76  74  66  
-5.44749  -13.9138  65.3949  64  63  52  
-4.80052  -14.109  66.2968  73  71  62  
-21.9132  -16.9666  79.8888  51  104  112  
-2.52499  -14.519  68.9286  80  77  69  
-3.17156  -8.78282  42.5321  166  166  153  
-3.08024  -14.0016  66.9945  79  78  68  
-23.0823  -17.3389  83.4398  83  123  131  
-22.6735  -17.3263  83.3781  19  28  29  
-17.1867  -18.7847  91.296  65  66  55  
-6.74209  -7.36957  36.662  77  77  67  
-12.8869  -14.7017  71.3899  97  98  83  
-8.57129  -11.8165  57.346  92  91  83  
-5.03248  -12.3155  60.3753  89  87  75  
-4.72149  -12.4907  61.2186  66  65  54  
-7.01788  -20.6871  100.766  75  73  63  
-10.9519  -14.3873  70.3998  132  131  120  
-3.41422  -21.5922  105.91  95  94  83  
-9.1692  -9.63746  47.483  98  96  86  
-16.9941  -18.2916  90.2777  63  61  54  
-5.01609  -11.7709  59.0741  102  102  92  
-4.2112  -11.5683  58.0737  89  89  78  
-4.22224  -12.0453  60.8904  116  116  103  
-13.721  -13.9738  70.5357  63  64  54  
-10.438  -11.4244  58.0609  83  81  74  
-8.0085  -18.8947  95.7172  91  91  79  
-15.1933  -15.6944  79.7195  56  55  48  
-12.8212  -16.6928  85.0401  100  102  90  
-2.39564  -12.7483  65.3859  63  60  49  
39.4683  -19.3253  100.321  122  112  102  
-7.18222  -16.2686  84.1915  92  93  82  
-4.50303  -11.1786  58.3823  60  59  52  
-6.05358  -16.4106  84.911  101  100  92  
-33.0098  -23.7374  123.518  89  117  124  
-16.8376  -16.7277  87.2908  67  68  59  
-4.11156  -18.9149  98.88  171  170  155  
-3.35392  -16.6653  86.8874  171  170  156  
-2.13292  -8.49849  45.8849  71  69  57  
-2.26211  -12.0228  64.5014  75  74  62  
-6.40695  -17.0126  92.0128  70  67  58  
-15.6606  -15.4211  83.9177  103  102  96  
-14.8571  -15.2675  83.0872  58  58  47  
-13.129  -12.3164  67.5118  66  67  58  
-12.1599  -14.6958  80.6726  105  106  96  
-4.66474  -9.9098  54.9304  58  59  44  
-3.40124  -5.39642  30.762  87  87  77  
-8.55398  -14.4287  79.8732  88  87  75  
-4.33279  -16.8896  93.6776  74  71  60  
-3.51759  -17.1906  95.322  60  57  48  
-23.5774  -14.8181  82.4639  55  112  128  
-14.5827  -14.6023  81.5591  93  92  85  
-4.41254  -9.55709  53.9231  72  70  61  
-3.96959  -9.8434  55.9799  70  67  61  
-14.552  -14.1929  80.6874  80  81  72  
-15.8894  -14.2512  81.7385  67  69  58  
-4.46288  -9.23801  53.5314  82  81  71  
-9.67843  -14.1259  82.0602  115  115  103  
-6.24071  -9.37302  54.5549  114  113  101  
-5.91381  -9.30897  54.6704  71  69  60  
-11.5079  -12.8318  76.3635  82  82  70  
-9.66657  -13.3679  79.8515  88  88  77  
-8.58128  -12.6117  75.7375  67  65  56  
-6.5876  -13.8482  83.4151  68  66  56  
-2.49809  -9.6198  58.247  164  165  152  
-23.0601  -13.5102  81.5658  25  26  24  
-15.2709  -12.9576  78.5694  84  85  74  
-14.4963  -12.8138  77.7035  67  67  56  
-14.8679  -17.1483  103.588  84  83  73  
-5.16733  -7.88639  48.4165  108  106  96  
-5.74031  -13.8735  84.3364  94  93  84  
-19.3328  -17.6682  107.738  95  95  82  
-11.476  -12.0556  73.4921  84  83  71  
-6.82902  -13.2953  81.64  118  120  105  
-6.4951  -13.3957  82.2449  167  166  151  
-4.03433  -14.2234  87.2323  62  59  50  
-11.8451  -12.0897  74.7432  122  121  111  
-10.6169  -12.0189  74.3001  90  92  82  
-23.4497  -13.1325  81.5934  75  116  130  
-14.8068  -12.304  76.8043  59  59  51  
-5.31759  -7.34043  46.437  95  93  83  
-7.02298  -5.77252  37.1318  56  56  48  
-13.4677  -11.7892  74.6976  89  89  77  
-10.8398  -11.6519  73.4599  164  165  148  
-8.88716  -11.6456  73.4001  84  84  74  
-8.36762  -12.1774  77.0629  80  79  70  
-5.8093  -12.9122  81.6145  52  51  46  
-8.50316  -11.476  73.0487  83  83  73  
-2.6399  -10.5995  68.1549  58  55  44  
-14.6519  -11.723  75.3966  105  107  97  
-11.3086  -11.2617  72.7988  63  62  51  
-10.8201  -11.2817  72.5635  166  165  151  
-10.469  -11.2693  72.481  59  59  46  
-22.6965  -12.4906  80.7407  47  92  106  
-22.3736  -12.4516  80.4891  56  111  127  
-22.051  -12.4118  80.2324  43  100  113  
-2.62333  -8.4141  55.145  100  101  84  
-2.34915  -10.5191  68.997  103  101  90  
-14.4458  -11.3249  74.3399  61  62  51  
-19.8833  -16.2536  106.204  67  64  58  
-13.3066  -11.1467  73.1767  107  106  97  
-21.4158  -22.828  149.39  161  163  148  
-8.79537  -11.1647  73.6086  82  81  68  
-4.11204  -7.42638  49.3116  97  94  83  
-23.1215  -12.2632  80.9039  80  116  126  
-3.8332  -12.4753  82.8841  73  68  62  
-8.17357  -10.8719  73.1777  76  73  67  
-10.9323  -10.3893  70.3813  57  55  47  
-10.1388  -10.3638  70.2016  50  51  42  
-3.7849  -12.0616  81.8393  105  104  94  
-22.8624  -11.8164  80.444  12  24  33  
-21.5388  -11.6452  79.2823  24  27  22  
-7.42686  -10.2896  70.4022  75  74  63  
-23.3299  -11.7361  80.7554  84  94  98  
-21.0047  -11.4333  78.6787  54  92  104  
-12.1203  -9.65288  67.2339  88  89  77  
-8.41435  -10.0465  69.5065  80  80  65  
-22.7953  -11.5317  80.212  10  24  25  
-21.4585  -11.3555  78.9908  20  23  19  
-13.4148  -10.1096  70.7482  79  81  69  
-8.00826  -10.0602  70.7121  61  60  51  
-6.22473  -10.6005  74.4189  85  83  76  
-5.42641  -10.8653  76.2362  77  77  65  
-2.90724  -11.7428  82.2601  98  95  86  
-23.2674  -11.4536  80.5429  50  66  70  
-5.88824  -10.5062  74.5631  163  160  152  
-10.5717  -9.51301  68.0668  77  77  65  
-8.23281  -9.58357  68.9031  125  126  114  
-3.66746  -11.0659  79.2981  67  67  54  
-2.87184  -11.3451  81.2569  84  82  70  
-33.6133  -17.302  124.416  60  98  116  
-7.46677  -9.59975  69.7714  104  107  92  
-5.99907  -10.0668  73.0823  60  59  42  
-2.46878  -8.71193  63.7149  55  52  45  
-20.1694  -14.2124  103.445  75  74  67  
-5.2818  -10.1101  74.2039  74  73  64  
-12.5792  -6.15909  45.3041  33  69  78  
-9.17399  -8.3262  63.526  48  46  38  
-7.73721  -8.72616  66.49  75  73  64  
-7.5725  -8.77675  66.8652  76  74  68  
-5.9253  -9.31227  70.8383  113  111  100  
-2.78302  -7.78939  59.7596  53  52  38  
-10.879  -7.80415  60.3549  109  110  100  
-7.183  -8.7074  67.1198  58  57  49  
-4.95021  -9.45447  72.7283  92  92  78  
-2.76892  -10.2017  78.3389  75  74  62  
-22.2851  -10.2293  78.8689  56  112  127  
-21.5848  -10.132  78.1225  19  26  29  
-17.2439  -8.27998  64.0567  61  112  125  
-9.73238  -15.8663  122.7  63  62  52  
-7.78595  -8.13642  64.325  59  58  48  
-9.40738  -7.47661  59.9674  85  82  74  
-2.58478  -7.38512  59.4908  66  64  54  
-94.1662  -42.3302  338.634  63  106  124  
-12.2467  -8.01203  64.6062  52  53  42  
-18.6421  -15.8567  127.33  56  55  48  
-7.37118  -7.7155  63.3443  70  68  62  
-6.91131  -7.87048  64.5803  63  62  53  
-5.68221  -8.29046  67.9302  76  76  62  
-2.68681  -9.30334  76.0088  82  80  71  
-5.03042  -8.33702  69.1545  80  80  72  
-2.7455  -6.80688  57.0261  90  89  76  
-2.54407  -6.99336  58.5483  164  163  151  
-1.61461  -4.7372  40.0665  161  160  147  
-34.3218  -15.0266  124.898  8  23  26  
-22.1616  -9.26479  78.0129  14  24  32  
-7.05021  -7.2903  62.2525  68  67  60  
-12.5176  -13.788  116.576  78  77  70  
-19.2699  -14.4345  123.714  54  50  45  
-8.34537  -6.66266  57.7895  69  70  61  
-2.50453  -6.6136  57.6328  62  58  47  
-23.8166  -14.9642  131.76  68  70  58  
-11.4853  -6.752  60.6001  55  56  45  
-3.68768  -4.78424  43.8195  76  75  62  
-7.4117  -6.65244  60.4643  81  83  72  
-6.50071  -6.63907  60.7412  57  57  49  
-4.8023  -7.234  66.0138  71  70  62  
-2.6464  -5.95804  54.9553  89  87  78  
-2.10166  -6.40561  58.9658  98  97  84  
-35.9912  -13.9297  127.356  57  111  129  
-19.3454  -10.5033  96.1866  138  142  130  
-7.90296  -5.94262  55.3223  54  55  41  
23.1831  -6.50779  61.4335  114  104  96  
-17.7727  -6.66412  62.0791  64  109  123  
-2.93129  -7.52045  70.4823  85  84  73  
-2.07063  -6.03805  58.0891  62  61  50  
-10.9183  -6.01522  58.0919  99  99  89  
-6.75859  -5.89825  57.3096  83  81  72  
-6.30609  -6.06988  58.921  85  85  75  
-6.64767  -8.12728  78.9557  114  112  101  
-5.07668  -6.50799  63.0324  74  72  59  
-4.91922  -6.56162  63.5356  124  122  106  
-3.0887  -7.15368  69.0876  59  54  48  
-17.8185  -9.48727  92.186  60  61  51  
-8.33126  -5.89178  57.7127  99  98  90  
-4.56603  -6.52644  64.1352  62  61  48  
-6.27611  -5.77185  57.7986  160  162  150  
-5.08503  -6.1998  61.9364  85  83  74  
-6.77429  -5.42338  55.252  85  84  71  
-21.5002  -7.45236  75.7096  15  24  26  
-20.3508  -7.29415  74.1149  13  27  29  
-7.85685  -4.77138  49.5921  67  65  60  
-7.59207  -4.90466  50.924  85  84  76  
-6.24374  -5.48184  56.6861  70  70  60  
-2.15985  -5.35106  55.6935  70  64  58  
-7.42781  -4.82231  50.885  74  75  66  
-3.40015  -4.0059  42.7772  163  161  152  
-4.6825  -5.89089  61.7155  72  68  62  
-21.9806  -7.25765  76.1447  78  112  125  
-7.26654  -4.74194  50.8653  106  107  97  
-4.43566  -4.84056  50.9963  120  120  107  
-10.4687  -5.06982  54.7996  52  52  45  
-10.1991  -4.93598  54.2737  121  121  113  
-6.44939  -4.8114  53.2765  65  63  54  
-3.46078  -3.51596  39.6283  81  81  70  
-12.8947  -7.4042  81.9462  90  91  79  
-15.7117  -9.16569  101.927  60  61  50  
-7.2714  -4.26701  48.2676  70  70  61  
-6.18043  -4.77981  53.8246  71  69  59  
-3.29829  -3.7004  42.3242  64  64  53  
-1.5122  -2.88242  31.6917  63  59  49  
-1.97306  -4.88718  55.3313  65  64  53  
-14.2551  -8.79514  99.5332  89  87  78  
-10.4867  -8.48792  97.6952  95  95  84  
-18.9868  -8.8761  104.182  50  48  43  
-12.8013  -6.90012  80.5609  86  86  75  
-6.29464  -4.31239  51.3354  75  74  63  
-11.4025  -6.61893  78.7085  67  66  57  
-3.10605  -3.52501  43.3372  66  66  53  
-3.28638  -3.16044  39.7647  92  93  81  
-3.21159  -3.28038  41.2046  71  71  59  
-1.5681  -2.85857  36.073  66  65  52  
-37.0634  -10.4263  128.35  70  109  117  
-7.36253  -3.04143  38.8409  70  71  61  
-9.27897  -4.08285  51.0755  59  61  50  
-6.68533  -3.69839  46.7933  107  107  97  
-2.46343  -3.89683  49.5144  54  52  40  
-18.3624  -7.81473  99.0648  51  52  44  
-14.9748  -7.43912  94.2918  55  53  44  
-1.97577  -4.1057  53.0642  75  72  63  
-6.59719  -3.46523  45.6776  70  69  62  
-10.4828  -7.14799  92.3022  60  57  54  
-10.2089  -7.15879  92.4282  84  83  76  
-19.8566  -5.36377  70.1458  58  115  124  
-33.2666  -9.16288  119.773  9  24  25  
-6.71425  -3.23767  43.6634  90  89  82  
-9.84695  -6.96274  91.7423  88  87  77  
-4.7626  -4.11406  54.8705  63  60  52  
-4.3717  -4.23761  56.4459  56  53  46  
-4.23508  -4.27905  56.9742  74  72  62  
-4.09529  -4.32064  57.5042  72  70  60  
-6.95337  -2.57095  35.8017  72  74  63  
-17.7462  -7.03975  94.9453  64  64  59  
-17.1142  -6.96353  93.9187  63  65  57  
-4.0883  -6.24172  84.7777  65  64  57  
-35.6268  -9.15622  124.748  19  23  23  
-30.6023  -8.31602  113.392  62  107  122  
-2.06513  -3.63595  51.1563  73  73  61  
-5.76877  -3.37376  48.267  76  77  66  
-2.98328  -2.86477  41.6131  121  120  108  
-1.80087  -3.67582  52.7939  108  106  96  
-29.8596  -7.38989  105.445  60  110  121  
-10.006  -6.13144  88.1073  69  69  58  
-3.13018  -2.58686  38.5964  77  77  67  
-16.4576  -6.02246  88.7995  54  54  44  
-36.3338  -8.45027  125.851  64  102  117  
-16.4643  -5.60213  86.6478  86  87  76  
-10.4589  -5.51713  85.0878  79  77  68  
-3.14178  -2.17809  35.9522  90  89  78  
-1.88847  -3.13188  50.6997  58  55  43  
-15.2716  -5.11063  83.1054  52  53  43  
-3.93674  -3.3009  54.0818  73  72  62  
-2.33009  -2.80783  46.8147  54  54  43  
-32.9649  -7.14267  117.39  10  20  24  
-29.9384  -6.60899  108.746  48  99  107  
-30.6441  -6.33258  107.044  57  106  118  
-29.633  -6.46785  109.192  46  103  117  
-9.8279  -4.805  82.0371  57  56  47  
-8.91717  -4.87139  83.0852  116  117  104  
-4.89271  -3.7617  65.3576  112  111  101  
-9.51016  -4.64716  81.5067  69  69  61  
-2.85685  -2.18305  39.8376  46  46  36  
-30.1979  -6.15382  109.695  14  21  24  
-28.7684  -5.98061  106.629  61  97  110  
-2.23851  -2.49658  46.4288  65  66  52  
-30.874  -5.90963  108.448  18  20  23  
-13.2148  -3.93608  72.5248  55  57  47  
-2.99952  -1.86323  36.2712  72  70  61  
-3.80509  -2.67875  51.1518  125  125  115  
-3.03726  -4.69999  89.0906  102  99  89  
20.6718  -2.75966  54.9357  101  93  84  
-9.57093  -3.94798  77.8664  84  85  73  
-4.94996  -2.26184  45.5619  63  62  52  
-3.02  -1.66182  34.549  72  71  60  
-5.97374  -4.26091  83.5743  88  87  77  
-2.25873  -2.22606  45.3696  55  53  42  
-3.02411  -4.07779  81.0977  57  53  45  
-19.7018  -3.45871  69.2442  16  20  23  
-29.4984  -5.35577  107.471  17  21  26  
-14.1646  -3.55023  72.7628  53  54  42  
-9.06933  -3.82159  77.7295  63  61  52  
-6.15768  -4.07789  82.5482  75  77  66  
-2.77881  -1.76059  38.7416  105  104  93  
-31.6175  -5.0999  109.265  53  107  120  
-30.309  -5.2392  112.027  54  106  122  
-12.6535  -3.06223  69.4563  49  51  40  
-9.10509  -3.33338  75.0285  72  71  60  
-8.22367  -3.41057  76.6243  52  50  41  
-4.60488  -1.69485  41.4698  77  75  65  
-4.63699  -2.43516  58.2622  53  51  41  
-3.45631  -3.13483  74.0349  46  44  33  
-1.78545  -1.98881  47.9082  49  46  35  
-4.68239  -1.71792  41.2941  71  70  60  
-11.9782  -2.43908  64.6446  69  69  59  
-8.84592  -2.74465  71.968  66  65  56  
-3.59123  -1.8531  49.3115  52  48  44  
-11.9582  -2.27308  62.9473  51  51  42  
-11.6445  -2.31179  63.9201  73  74  66  
-10.3059  -2.4573  67.5618  103  102  91  
-1.97534  -1.59562  45.3718  54  52  42  
-2.5395  -1.84139  53.013  53  52  41  
-11.2604  -2.03962  61.8124  87  89  80  
-11.3111  -1.86631  59.5424  48  48  40  
-11.1717  -1.8923  60.2931  56  56  49  
-4.28304  -1.80873  58.408  52  50  41  
-2.09936  -1.32322  43.5192  50  48  37  
-1.73436  -1.4242  46.5235  53  51  40  
57.2731  -4.75373  150.803  116  107  96  
-27.7194  -3.09666  99.8826  61  105  117  
-26.6258  -3.00648  97.0407  56  110  120  
-9.47184  -1.9715  65.4384  86  86  76  
-8.09714  -2.10473  69.3955  72  71  60  
-4.3531  -1.12849  39.7545  53  52  44  
-9.93564  -1.77985  62.5755  61  61  51  
-9.81483  -1.79502  63.0531  55  55  45  
-9.69029  -1.81005  63.5258  79  80  69  
-3.91868  -0.788547  32.0739  63  62  54  
-2.91394  -1.93086  72.0599  160  159  146  
-33.3376  -3.02668  114.615  75  104  109  
-28.0284  -2.62742  99.8748  64  103  115  
-26.3186  -2.50604  95.3843  21  22  24  
-10.3485  -1.4241  56.8075  63  63  53  
-9.6249  -1.549  61.2194  153  153  140  
-4.91084  -0.773782  32.5763  71  69  62  
-9.15051  -1.60614  63.2178  67  68  60  
-2.63264  -1.86288  73.6514  66  64  55  
-4.14151  -1.3072  56.4699  54  52  43  
-33.3348  -2.71612  116.495  18  21  23  
-9.43009  -1.31461  59.3909  77  77  67  
-9.32982  -1.3284  59.9366  71  69  60  
-7.57402  -1.50109  66.6919  55  55  46  
-7.25946  -1.52547  67.6353  52  51  40  
-4.25781  -1.1234  52.4431  91  89  79  
-31.721  -2.55917  117.287  65  98  112  
-9.89001  -1.07199  52.9314  79  78  75  
-9.83399  -1.09639  53.9829  152  155  143  
-4.15209  -1.08355  54.2883  89  88  77  
-3.15557  -1.38248  67.5645  45  43  32  
-8.95108  -1.12968  59.2843  63  61  51  
-8.73999  -1.154  60.3803  122  122  111  
-9.53702  -0.871467  51.0422  57  59  50  
-9.36554  -1.06376  58.4132  62  63  52  
-3.74807  -0.465718  30.6691  111  110  100  
-4.10806  -0.59487  37.5054  94  93  84  
-33.9048  -2.02396  118.495  51  100  117  
-9.34334  -0.79754  51.2892  74  75  66  
-8.911  -0.897931  56.677  97  97  87  
-8.7827  -0.914864  57.5739  44  42  34  
-3.97192  -0.48925  34.7557  103  101  93  
-1.66616  -0.67241  44.6749  66  64  54  
-8.58753  -0.824477  57.4688  78  77  70  
-4.1582  -0.66725  49.3016  48  43  36  
-8.87608  -0.525658  48.7237  59  61  54  
-3.93475  -0.571163  53.6386  45  43  34  
-1.89999  -0.431154  42.1005  74  73  59  
-7.42436  -0.596796  60.3952  58  59  46  
-6.97473  -0.621169  62.2644  156  157  146  
-3.16082  -0.601495  63.4107  81  80  69  
-8.38789  -0.419566  52.8239  51  50  43  
-8.32828  -0.426902  53.4992  60  59  54  
-8.26201  -0.434096  54.1583  75  73  68  
-8.18941  -0.44116  54.8026  80  80  74  
-8.0693  -0.451534  55.7436  61  62  54  
-7.23264  -0.503493  60.3659  70  69  59  
-3.79984  -0.202645  32.7893  82  82  73  
-6.7087  -0.528015  62.4976  64  65  54  
-2.54605  -0.552361  68.215  86  84  74  
-7.99909  -0.16587  40.449  89  89  78  
-2.66005  -0.0905358  30.4039  62  61  46  
-33.6012  -0.567883  122.142  22  18  21  
-7.90441  -0.176059  52.8937  58  58  48  
-3.84155  -0.0597278  34.5626  64  62  53  
-2.03964  -0.0930619  39.678  61  59  48  
-2.66019  -0.221858  65.7514  154  152  141  
-7.54557  0.02549  38.4578  48  49  38  
-7.76636  0.0189694  41.2194  53  54  45  
-7.86337  -0.00299508  49.5181  63  62  52  
-7.8232  -0.00514119  50.2519  67  65  56  
-7.62597  -0.0125058  52.678  74  74  65  
-3.68292  0.0516108  31.775  58  55  49  
-6.94456  0.0620354  56.4869  56  55  46  
-3.71713  0.0936453  51.7681  52  49  41  
-2.37791  0.0827617  66.4832  57  54  47  
-7.39228  0.143917  38.5949  51  51  42  
-9.50076  0.118413  52.1757  70  70  61  
-3.74971  0.152207  33.7321  100  98  88  
-6.31513  0.148034  58.8248  89  87  78  
-3.01606  0.181403  60.4919  122  120  110  
-7.34051  0.204139  38.9579  130  131  122  
-7.5781  0.221669  47.2558  59  59  47  
-7.51915  0.224464  48.7854  66  65  58  
-7.38997  0.30009  48.9367  52  50  41  
-5.30226  0.428052  60.8755  92  91  79  
-6.63198  0.347481  33.7992  70  74  64  
-2.94861  0.546239  59.1317  84  83  71  
-6.63214  0.404186  34.3447  45  47  42  
-6.7547  0.414675  35.5529  51  50  47  
-6.94822  0.43413  37.812  56  56  48  
-6.47076  0.565408  53.997  61  60  50  
-2.80521  0.645357  60.0247  81  79  70  
-2.67029  0.655743  61.2419  56  54  46  
-2.52756  0.666042  62.4532  62  60  51  
-7.07665  0.57256  45.9108  47  48  39  
-7.01089  0.62333  44.1437  57  59  49  
-3.73517  0.644268  44.2645  64  63  53  
-4.7135  0.800419  60.6166  74  72  63  
-38.0506  1.84831  130.878  65  103  121  
-6.25465  0.594092  32.9186  51  51  46  
-6.43153  0.620737  34.7034  54  56  51  
-2.9277  0.970775  56.9158  58  57  46  
-2.61232  1.01499  59.9042  57  55  45  
-35.2638  2.20455  128.223  6  22  21  
-6.75147  0.801051  42.5079  57  58  47  
17.6028  1.55353  84.1231  171  164  153  
19.1998  1.62571  88.4433  70  63  52  
28.7347  1.44627  74.7984  104  95  87  
-6.64327  0.900479  44.444  69  70  60  
-6.60294  0.920682  45.6013  91  92  82  
-5.80489  1.05245  53.2865  67  65  57  
-4.4875  0.958972  50.517  131  130  120  
23.0763  2.24891  113.697  86  80  67  
-5.48643  0.643734  27.7369  68  71  61  
-6.18885  1.068  49.6978  62  60  52  
18.1937  1.84434  85.66  77  70  58  
-5.79372  0.744936  30.4901  42  43  37  
-8.26482  1.0303  45.394  85  86  78  
-3.60211  1.03795  43.4917  153  151  142  
-3.11088  1.39757  62.55  124  123  113  
-2.68601  1.33429  57.4594  115  113  103  
-2.55684  1.35875  58.6239  93  91  81  
-2.34904  1.39515  60.3597  71  67  59  
16.0945  1.8538  79.9024  85  80  67  
-6.4159  1.00684  39.999  62  62  53  
-7.02826  1.10972  46.0753  115  113  107  
-2.18962  1.507  61.1825  93  90  79  
-6.3499  1.12757  42.4777  87  87  78  
-6.33415  1.14653  43.2752  68  67  60  
-8.40091  2.45924  97.8872  61  59  49  
25.4863  3.13126  120.888  82  74  64  
-3.54656  1.22188  42.8181  75  73  64  
16.5072  2.18528  76.4275  98  93  80  
-16.3838  1.64229  56.5769  51  100  112  
-35.6119  3.8659  130.255  46  102  121  
-4.90582  0.819  24.9943  62  64  56  
-5.42153  0.935859  29.0034  67  68  59  
-3.10105  0.830407  25.0248  54  53  44  
-5.68357  1.49884  48.6812  76  76  65  
-2.73519  1.70274  54.8284  95  93  83  
-2.28825  1.81672  58.7866  77  76  67  
-38.3909  4.26569  136.501  14  20  23  
-6.02831  1.24159  37.5783  94  94  85  
-6.07201  1.30823  39.7848  47  47  38  
-6.07318  1.33346  40.6228  62  62  52  
23.406  3.68098  114.414  81  76  62  
25.3691  3.86334  120.322  79  75  63  
27.5011  4.05908  126.667  67  62  48  
-5.99517  1.42043  41.3955  71  70  61  
-3.39784  1.53696  44.3866  72  70  60  
-38.7493  4.73576  137.78  53  106  118  
-5.92148  1.37194  38.0195  61  59  50  
-3.49482  1.45403  39.9158  66  65  56  
-3.42412  1.55743  42.9657  105  103  96  
-3.99655  1.95533  55.8478  52  51  42  
-2.57681  1.96643  55.1093  72  70  62  
-2.72175  2.05552  52.89  50  48  36  
-5.64958  1.4277  34.8736  70  68  61  
-5.75156  1.57981  38.8721  97  96  84  
-10.9922  3.60184  91.5264  60  59  50  
-5.1238  1.88343  46.0229  61  62  53  
22.8079  4.4874  112.338  105  100  89  
27.8181  5.06117  127.198  82  76  65  
-18.0799  3.7961  91.9676  53  54  43  
-5.01159  1.18705  27.4926  62  65  57  
-3.42869  1.66993  39.1575  83  82  72  
-2.40393  2.30665  55.0955  48  45  35  
-2.06917  2.41354  57.7909  96  95  85  
-9.87714  1.57821  36.0912  49  104  118  
-4.53964  1.07883  23.8808  60  60  55  
-5.58949  1.57657  35.883  53  53  46  
-2.62721  2.29089  52.6513  111  108  98  
-0.0223584  2.20528  49.9913  82  81  68  
19.6482  3.97332  95.4778  91  87  77  
-4.62914  1.15327  24.7571  85  85  78  
-3.19226  1.28505  27.5243  95  94  87  
-2.44141  2.43059  54.0124  151  149  138  
-0.19649  2.79179  63.721  83  80  69  
22.7138  4.98928  111.868  119  113  102  
24.5739  5.22891  117.405  149  146  136  
-5.40539  1.58954  33.6869  106  108  97  
-5.51598  1.76615  37.6729  58  59  50  
-9.39944  3.97872  87.3314  109  107  100  
-3.38924  1.8002  38.0218  62  61  51  
-3.3715  1.85337  39.2067  66  64  56  
-1.4372  0.908728  17.5199  61  61  50  
22.6453  5.32012  111.526  79  73  61  
42.1902  9.55128  201.577  77  74  63  
-43.191  7.27618  150.24  52  81  89  
-44.7672  7.70173  154.04  40  65  73  
-37.1509  6.7555  135.147  25  74  82  
-14.3404  3.68016  72.3707  53  53  42  
-4.48372  1.2864  24.3828  46  48  42  
-5.21841  2.14513  41.8844  65  66  58  
-2.61743  2.60931  50.8511  45  43  31  
-2.1441  2.81565  55.0562  70  69  56  
-0.597124  3.28791  64.7269  57  52  45  
-41.4585  7.55812  146.625  13  16  25  
-5.12874  2.22643  42.2204  47  48  40  
-4.89113  2.35896  44.8726  57  55  47  
-2.32317  2.80848  53.2322  68  68  56  
-0.87545  3.29658  62.9082  71  69  59  
22.5346  5.81036  110.975  92  87  76  
43.0293  10.6166  204.045  76  72  61  
26.3117  6.37513  122.044  69  63  51  
0.11541  3.63191  67.5101  104  102  92  
-47.1598  8.77987  160.543  43  62  69  
-35.3633  7.11627  130.142  28  65  72  
-12.3533  4.37375  79.2004  78  80  71  
-5.17146  1.94804  34.5767  75  75  68  
-2.58053  2.80621  50.1301  68  66  55  
-1.98006  3.08299  55.2815  94  92  81  
-45.5038  8.85394  157.437  13  17  21  
-38.1674  7.76443  138.067  13  18  17  
-3.32244  1.01143  16.7817  58  59  47  
-4.209  1.35227  22.8851  52  51  47  
-2.95969  1.43622  24.1919  61  59  53  
-3.0345  1.50777  25.4654  61  59  54  
-0.171976  6.57756  116.443  71  67  58  
-35.2289  7.49513  129.654  50  82  97  
-4.53852  5.31406  90.9058  86  85  74  
-1.96131  3.22387  54.7533  90  88  78  
-0.826838  3.4191  59.0429  116  112  103  
-0.395652  2.09855  34.8432  79  79  69  
-46.2016  9.48915  159.857  9  19  23  
-38.1871  8.20073  138.145  15  21  20  
-8.79746  4.73899  79.435  57  56  48  
-0.31695  2.78574  47.2589  58  54  45  
0.0092184  3.94361  65.6851  87  85  73  
37.3293  11.0066  183.83  113  109  94  
-49.0793  10.1808  167.087  44  66  78  
-35.0359  7.85792  128.95  29  57  69  
-2.48147  3.09094  49.7132  76  74  64  
-3.50463  1.2062  18.2754  55  55  48  
-11.5067  3.89735  61.4608  75  77  69  
-9.15979  4.85507  77.2686  64  63  53  
-3.15538  1.8705  28.7757  84  85  74  
-3.87171  3.02071  47.8184  96  94  85  
-2.12711  3.33884  52.4939  67  65  56  
-0.934025  3.81733  60.2948  64  63  53  
-11.3429  4.00166  61.6137  82  83  73  
-5.45602  4.13386  63.4239  78  77  67  
-3.07451  2.69225  40.9883  83  82  73  
-2.29538  3.31062  50.7604  99  99  84  
-1.99059  3.4667  53.2359  91  89  77  
-0.0361617  4.50758  68.9016  81  79  69  
26.805  7.9191  122.541  78  72  61  
-48.6968  10.9951  167.589  47  71  80  
-4.71494  2.02133  29.954  75  74  67  
-46.7758  10.9311  162.744  40  76  91  
-43.0068  10.2188  152.132  47  108  118  
-39.2025  9.47442  141.032  28  75  88  
-5.37817  4.26979  62.5172  74  73  63  
-5.35663  4.58132  67.1811  154  152  142  
-3.04845  2.79552  40.6396  77  75  64  
-3.07095  1.94078  27.2199  104  105  95  
-3.21484  1.23925  16.7597  75  77  68  
-8.66385  5.16376  73.0816  57  57  47  
-2.46553  3.42469  47.8831  68  68  57  
-2.19733  3.59431  50.3286  60  58  50  
-2.01746  3.69479  51.7789  67  66  56  
-0.575437  3.20367  44.3812  79  77  67  
21.6001  7.60886  107.181  82  78  67  
18.9482  6.28373  87.5082  96  91  81  
-8.84194  5.18433  71.7525  60  59  47  
-3.09226  2.09464  28.1996  77  77  67  
-0.311644  3.44908  46.8468  73  71  61  
-0.0172881  3.62964  49.3666  61  59  48  
23.6571  8.18887  112.997  71  65  59  
-10.1719  4.73742  63.9286  57  56  47  
528.285  100.43  1369.15  80  71  62  
-8.72515  5.27138  69.9185  70  70  58  
-3.11197  2.77704  36.1793  58  57  46  
-0.899793  4.39621  58.0349  59  56  46  
-0.0932105  3.72906  48.654  62  60  51  
-6.87622  2.69273  34.417  65  68  56  
-2.10111  3.87344  49.9079  62  60  50  
-2.01257  3.96782  51.6733  65  65  51  
-3.06046  1.31377  16.0817  77  76  68  
-9.63095  4.86397  61.7381  152  151  140  
-9.54445  4.96659  63.0774  148  147  136  
-8.36548  5.39705  68.7524  63  63  54  
-3.6288  3.82192  49.1124  97  94  87  
-2.27974  3.95592  50.4604  70  69  59  
-2.08273  3.99299  49.4681  157  156  146  
-39.4098  11.4586  141.01  50  99  111  
-4.53702  3.4259  41.342  101  99  90  
0.103572  5.05338  61.7804  114  113  99  
-53.1616  15.15  182.989  55  102  113  
-42.8604  12.5586  151.649  56  88  100  
-4.3336  2.44553  28.9566  49  48  41  
-8.23688  5.49225  66.0012  57  56  46  
-2.92697  3.28901  39.0147  49  47  36  
-0.692337  3.64409  43.0715  65  65  55  
35.5508  14.5604  175.033  99  93  83  
18.7432  7.32299  89.3916  90  86  77  
-10.2239  4.40216  52.0214  68  69  60  
-3.06677  1.43652  16.3812  58  60  49  
-9.00571  5.00851  58.9055  54  54  46  
-7.85017  5.61004  66.2098  62  61  53  
-7.69418  5.64552  66.6465  65  65  56  
-2.37156  3.93699  46.0475  82  80  70  
-1.81552  4.32034  50.6476  72  70  61  
-0.362455  5.01812  59.05  76  74  63  
0.00672216  5.16043  60.7684  59  56  45  
-58.4639  17.1044  199.085  66  99  115  
-36.6039  11.3246  131.726  10  18  24  
-7.96089  3.79654  43.6008  100  102  91  
21.1037  9.05769  104.706  92  86  76  
8.86847  3.69865  43.9356  80  75  65  
-4.91651  5.34954  60.4597  40  36  32  
24.8219  10.1014  113.889  95  91  77  
-15.951  4.87142  54.2578  50  82  99  
-2.90545  3.43397  37.9323  47  42  33  
30.69  7.21459  79.9281  81  71  66  
-4.74794  2.20517  23.7522  61  60  53  
-4.14183  3.29571  35.6733  71  73  63  
-2.23454  4.23422  46.1919  66  65  53  
-60.8141  19.0879  207.101  67  101  110  
-29.4206  9.94174  107.726  49  86  95  
-2.47764  1.23179  12.8006  57  58  47  
-7.00631  5.93179  64.1461  95  95  86  
-2.06796  4.41056  47.3443  79  78  65  
-0.0142735  4.566  48.7569  75  72  60  
21.2678  9.70583  104.704  74  69  56  
-4.1222  3.39014  35.506  68  69  61  
-4.76069  5.76464  60.8954  151  150  143  
-48.0988  15.958  167.412  48  98  116  
-31.2105  10.7794  112.983  53  102  117  
-3.86626  2.36145  24.3034  47  46  39  
-8.09137  5.23744  54.5904  41  42  33  
-4.13263  3.15609  32.7264  61  62  50  
-0.849024  5.2466  54.6803  73  71  61  
-0.351701  5.48049  57.1737  68  65  55  
24.7881  10.9192  114.124  89  84  69  
-2.15695  1.11194  10.9626  50  50  43  
-2.94434  3.431  34.8641  48  45  36  
-4.65144  6.05844  61.9879  43  41  32  
-1.34545  3.49032  35.2951  80  77  67  
25.2224  6.33083  64.5449  75  69  60  
-7.30879  5.86008  59.2946  73  72  61  
-0.627638  4.34733  43.4567  65  62  51  
-0.267975  2.82509  27.8643  108  105  96  
-3.77901  1.93837  18.8958  55  57  46  
-0.287022  9.34741  93.3225  62  60  49  
-5.77229  3.17499  30.8089  54  55  48  
-29.555  19.7934  194.936  44  45  38  
20.9208  10.5058  102.992  74  71  61  
23.6325  11.2502  110.392  74  67  59  
-2.91123  2.7531  26.1749  69  69  59  
-4.6653  5.64527  54.2211  60  59  48  
-3.58569  7.68118  74.096  56  56  46  
-2.85891  8.25138  79.6865  119  116  104  
-4.54264  6.25788  59.2947  46  44  36  
-0.43097  6.85282  64.7507  70  69  58  
-0.0839705  5.9747  56.8315  61  59  49  
-1.09031  9.32735  87.6084  57  55  44  
24.2115  11.8758  111.468  78  72  60  
-7.10704  4.80261  44.2127  38  39  29  
-3.69335  2.61742  23.9143  42  42  33  
-3.76986  2.75227  25.1744  36  38  27  
-4.55681  6.0914  56.032  43  42  30  
24.0442  12.1373  110.698  71  65  55  
-3.86784  2.24049  19.8028  57  59  47  
-5.39447  3.28962  29.2763  41  41  33  
-2.26019  4.76342  42.5737  73  71  59  
-1.80642  5.17474  46.3184  63  63  53  
-0.367983  5.09805  45.3879  74  73  63  
-16.0028  6.15916  54.4512  53  96  107  
-2.89342  1.66968  14.4567  80  81  70  
-6.17699  6.37473  56.5359  56  54  44  
-4.52256  5.96282  52.5621  48  44  34  
-4.38793  6.62468  58.472  52  51  45  
-3.28887  8.20806  72.6519  60  59  49  
-0.657018  5.97651  52.8912  67  65  55  
0.00410902  6.31606  55.9547  50  49  37  
21.7698  12.2142  107.504  97  92  80  
22.7905  12.5878  110.822  88  82  70  
19.996  10.4747  92.2161  85  79  66  
-6.88036  5.21488  45.4495  42  42  33  
-4.51678  2.80386  23.8966  57  57  47  
-6.72215  5.0119  43.0694  56  57  44  
-6.8155  5.34434  45.9686  69  68  58  
-0.680572  4.99147  42.6389  47  46  32  
-6.51775  6.06234  51.558  72  71  60  
-3.46225  8.155  69.2909  69  67  56  
-2.69561  8.83032  75.1118  54  53  41  
5.70548  8.94815  76.056  58  55  44  
6.21681  9.17289  77.9936  64  61  50  
-4.58007  4.68605  39.5313  104  103  94  
-4.19646  4.59306  38.2545  96  94  82  
-4.44712  5.9687  49.8625  44  43  30  
-3.91428  3.09294  25.7557  91  93  82  
-6.00154  6.43854  53.3993  154  152  139  
-4.31091  7.05779  58.6824  49  47  38  
-3.1882  8.50391  70.4199  69  68  57  
-0.524749  10.1638  84.3949  59  57  47  
6.69852  9.57755  79.3663  156  152  139  
20.5344  12.0985  100.314  85  79  69  
23.4525  13.0113  107.974  72  66  55  
-2.15791  1.34156  10.6873  52  51  41  
-0.939841  7.20171  58.5449  83  81  71  
-4.63178  3.13868  25.1286  43  44  34  
-2.69642  2.73295  21.7741  54  55  42  
-3.45197  8.30112  66.9818  87  83  77  
-0.0841505  5.87164  47.116  76  73  61  
4.90503  7.71837  61.8929  68  64  57  
22.1678  12.8975  104.311  70  62  51  
-3.1367  2.04371  16.0498  70  70  58  
-4.11574  4.67129  36.9889  88  85  78  
-2.82117  3.99664  31.6402  60  60  49  
-4.28614  6.76013  53.7412  54  55  48  
-2.66077  4.47163  35.4595  78  76  68  
-2.79416  8.97742  71.6067  59  57  46  
11.6689  16.6838  133.333  89  86  73  
12.9835  11.88  94.5123  72  68  54  
11.0929  9.20499  73.221  68  64  54  
20.5374  15.1257  120.607  66  61  50  
22.3197  15.8487  126.425  79  75  64  
193.292  61.3427  489.418  101  92  84  
-3.53201  2.36174  18.3716  76  78  66  
-2.59698  9.18105  72.349  101  99  88  
25.1377  17.1478  135.196  65  59  47  
-6.0614  5.0028  38.8275  34  33  25  
-6.17228  5.30315  41.1876  40  40  32  
6.57655  10.0082  77.923  157  153  140  
4.91689  8.11799  62.0182  81  77  67  
-4.10252  2.92975  22.0638  56  58  48  
-3.67936  3.9411  29.6843  53  52  39  
-4.29476  6.36259  48.1569  54  55  44  
5.53295  9.70787  73.7562  69  66  55  
12.9049  12.3896  93.9293  68  65  54  
13.4995  12.6686  96.0644  67  64  54  
15.7489  13.6995  103.955  72  69  59  
20.29  15.6829  119.149  92  86  77  
21.1407  16.0423  121.904  96  89  82  
16.2708  12.0323  90.8638  89  85  73  
17.3977  12.5311  94.6614  106  101  90  
-2.63147  1.80715  13.3505  70  69  57  
-2.64339  4.61888  34.5066  71  69  61  
-3.63209  2.6136  19.2052  147  148  135  
-5.87246  5.23527  38.7782  38  40  32  
-0.612933  5.79918  42.7693  53  51  38  
-0.736445  10.5861  78.7299  152  150  139  
31.0255  20.3792  151.569  78  72  60  
-16.199  7.52273  55.1355  51  97  108  
15.7296  11.7269  86.0415  160  155  141  
170.32  60.6671  445.162  100  94  86  
-5.7873  5.38755  39.0193  57  57  47  
-3.41196  3.92361  28.3932  91  91  81  
5.77529  10.1845  73.907  60  56  45  
6.4331  10.5001  76.2262  60  53  43  
9.18154  9.23552  66.8126  70  65  54  
9.93824  9.55697  69.1655  68  65  56  
10.332  9.72171  70.3716  88  85  75  
20.035  16.2159  117.647  92  86  77  
-1.76282  1.24407  8.72266  45  44  37  
-2.10914  1.59434  11.2466  44  43  36  
-4.53876  7.21167  51.8662  69  69  56  
-4.17159  6.90563  49.389  51  53  39  
-4.13294  7.10401  50.8212  70  70  60  
-0.123901  11.0361  79.3581  75  73  60  
15.571  14.341  102.772  104  101  86  
23.4112  17.8371  128.06  86  82  70  
-5.58973  5.15983  36.5301  37  36  28  
-3.97117  7.63408  54.0466  63  62  46  
-1.1705  10.5574  75.0187  53  51  37  
24.2398  18.357  130.362  115  110  99  
25.2914  17.1158  121  84  80  71  
-3.36049  3.89361  27.2533  99  97  87  
5.7149  10.4186  73.1353  85  82  72  
29.6554  20.765  145.992  93  89  77  
35.3817  22.9878  161.755  60  54  44  
-1.95026  1.42763  9.72965  33  35  26  
-4.1609  6.74382  46.66  72  70  60  
-4.07987  7.24649  50.1696  48  47  39  
-2.60498  9.6121  66.7356  52  51  40  
-2.37122  1.77589  12.026  49  51  40  
-3.62893  2.863  19.5106  109  110  96  
-5.46916  6.29595  43.2416  61  60  48  
-5.16224  6.77152  46.5544  66  65  59  
-3.95054  7.68181  52.6426  60  58  46  
-0.930828  10.8365  74.5437  85  82  70  
-0.291327  8.0856  55.888  87  83  71  
12.8864  13.6043  93.7621  102  96  88  
13.4841  11.5356  79.1758  98  93  82  
20.9102  17.3928  119.489  77  74  63  
23.4848  18.5308  127.372  72  67  59  
-2.74411  2.10563  14.148  72  74  62  
21.6606  17.8863  121.603  74  69  60  
29.1827  21.1037  143.667  106  100  88  
-3.97718  7.58292  50.8713  153  153  140  
-3.88099  7.87078  52.8198  96  95  81  
0.0535887  8.15947  55.2292  120  117  104  
6.2698  11.0411  74.2956  57  55  44  
22.4217  18.3843  123.704  87  78  70  
192.046  85.181  574.649  73  66  58  
5.92775  10.9553  72.9441  56  50  42  
14.0691  14.5723  96.8537  54  51  40  
14.6587  14.4852  96.7964  100  97  86  
21.4953  18.1244  120.674  89  84  75  
23.1925  18.8861  125.787  95  90  78  
-5.12735  4.99563  32.831  41  40  31  
-3.74722  4.68135  30.6468  64  65  51  
-3.88136  7.86847  51.7215  55  53  43  
-2.91849  9.45917  62.2849  77  79  68  
-2.77033  9.61944  63.3515  67  69  58  
6.42884  12.6249  82.7876  70  68  53  
12.6046  13.9474  91.7157  72  67  55  
-1.66927  1.28921  8.25871  83  86  74  
-3.29827  2.71668  17.581  45  46  37  
-5.25415  7.0524  45.794  51  51  39  
-4.02405  7.32711  47.6465  63  62  50  
-2.01297  6.00073  39.0507  101  100  89  
18.9981  17.2674  112.585  89  82  71  
-2.45266  1.96398  12.5405  82  84  72  
-5.18685  6.35193  41.0024  53  54  39  
-1.11058  11.002  71.1084  67  63  54  
14.726  12.6956  81.9514  68  63  54  
28.4034  21.6266  139.835  73  68  58  
30.9268  22.6684  146.627  74  70  59  
-18.316  10.3617  66.2148  47  101  116  
-3.1435  9.26685  59.1816  66  64  53  
6.15584  11.4068  72.949  55  51  40  
-2.59683  2.1354  13.3873  146  144  134  
-2.91906  2.43721  15.3001  69  69  59  
4.63905  9.65932  60.8298  99  98  85  
15.1054  15.7662  99.6828  118  114  98  
159.529  75.2217  477.428  93  87  79  
-1.67278  1.34092  8.27717  90  88  75  
-2.05726  1.67111  10.3478  68  67  56  
-3.3261  2.8712  17.8791  40  41  32  
-5.01533  5.34611  33.4497  47  47  35  
-3.78972  5.03896  31.4092  70  68  58  
-1.66169  6.53764  40.9251  61  61  46  
7.68411  14.3839  89.7961  76  72  56  
13.8699  15.2534  95.4736  76  71  60  
14.4583  15.5626  97.4242  78  72  60  
-3.02709  2.59609  15.9992  70  71  59  
-9.19844  13.3134  82.8135  45  45  36  
-2.59901  5.0719  31.3631  111  109  97  
-2.75814  9.81369  60.8886  155  152  138  
-0.679817  8.36609  52.2089  101  100  89  
-0.0119054  10.7128  66.2857  57  55  45  
15.0236  15.9882  99.1409  96  93  77  
26.2762  20.1527  124.707  79  73  64  
19.1556  8.96527  55.9893  91  85  74  
-17.6168  10.0302  61.6099  40  97  107  
-2.396  2.01138  12.2509  42  42  30  
-2.71432  2.31332  14.109  45  45  34  
-2.70059  2.93825  17.9001  144  146  131  
-4.83201  6.68073  40.699  54  52  44  
12.8148  20.0702  122.462  73  70  59  
-1.69735  1.41025  8.40052  56  57  46  
-2.3832  2.03747  12.1857  67  67  57  
-3.64074  4.7803  28.6781  87  87  73  
-3.05278  9.53418  57.4703  73  72  59  
-2.9238  9.70119  58.4863  62  61  49  
-2.33738  10.3361  62.3524  47  44  34  
2.66193  5.52051  33.725  72  67  54  
12.3652  14.9362  89.9595  58  54  43  
13.7317  15.6872  94.5178  137  134  123  
14.307  15.9973  96.4002  94  91  80  
-5.8977  5.26954  31.3971  64  64  53  
-13.8652  15.3016  91.4923  63  63  52  
-3.89804  5.7305  34.0992  77  78  63  
-2.37779  4.78519  28.3656  105  105  93  
-2.63114  10.0685  60.1566  52  50  40  
-0.546907  11.6637  69.8046  48  45  36  
19.1122  18.6051  111.197  67  62  53  
5.29637  4.90417  29.7879  85  80  72  
-4.76444  6.60102  39.0992  100  102  85  
124.174  61.7491  366.676  89  82  73  
87.3433  42.1205  250.199  66  59  50  
-8.1392  4.95776  29.1533  17  19  17  
14.1912  16.3123  95.6169  80  73  66  
20.043  19.3414  113.516  60  55  45  
21.158  19.8853  116.733  153  149  138  
12.8414  10.2196  60.5724  64  58  48  
18.2084  18.5585  107.901  122  117  105  
-2.07238  1.82406  10.4271  36  37  27  
-2.65106  2.40591  13.7812  46  45  40  
-4.30732  4.56664  26.2565  70  71  60  
-3.81885  5.59195  32.0856  110  111  99  
-2.91932  9.83211  56.6226  68  65  53  
-1.8079  8.31859  47.71  48  47  34  
-0.916669  10.066  57.7974  70  65  58  
4.63115  11.429  65.8606  77  75  64  
7.80407  13.1165  75.6947  96  92  82  
12.7447  15.7513  90.6481  86  84  71  
13.8316  16.3614  94.1853  149  146  135  
18.8248  19.0052  109.525  69  62  50  
22.1123  20.6236  118.924  107  101  93  
20.2606  16.7465  97.0735  107  101  91  
30.5571  24.3731  140.734  101  95  86  
118.396  61.0563  351.218  105  100  89  
99.3666  49.8872  288.323  88  83  70  
-3.1349  2.96375  16.8508  48  47  40  
-4.67058  6.46116  36.9075  60  59  47  
-2.50992  5.22122  29.9915  93  92  80  
9.57937  19.1511  109.5  58  54  43  
14.9364  17.0926  97.5501  123  121  106  
98.5398  57.1478  326.794  71  67  53  
-12.682  13.7903  78.0472  70  69  61  
-4.57984  5.4003  30.538  68  69  57  
-3.86168  5.91065  33.3312  72  69  59  
-2.69504  10.1611  57.5021  44  43  33  
7.90435  13.3209  75.528  80  78  64  
13.9293  21.0612  118.986  95  89  78  
115.968  64.4868  365.749  71  64  56  
-12.457  13.9314  78.1673  65  64  54  
-4.4944  5.23756  29.3558  68  67  55  
-1.07616  1.56191  8.61822  63  61  51  
-0.179619  4.19607  23.246  106  104  94  
4.99379  11.8615  66.5826  65  64  51  
8.32308  13.4143  75.0887  69  64  54  
12.1367  15.7538  88.2862  63  58  48  
14.8466  17.2905  96.9626  81  76  65  
19.1776  16.178  90.9292  70  63  51  
-2.02892  2.94327  16.214  105  104  93  
13.4086  16.605  92.285  74  68  58  
18.2039  19.2117  106.885  74  70  59  
-5.80512  20.4143  112.588  65  63  51  
-2.3743  10.5979  58.4507  53  52  38  
-1.01243  11.7182  64.6978  79  77  66  
-0.663897  10.856  59.6909  48  46  36  
20.175  20.3477  112.279  67  62  49  
38.1877  37.5246  207.134  103  97  86  
27.4928  23.7732  131.341  74  68  56  
99.0804  58.5873  323.594  76  72  61  
76.7862  39.7708  220.02  77  70  59  
-18.9289  12.1187  66.21  41  70  86  
-2.11053  1.96104  10.6646  54  55  41  
-2.978  2.91344  15.8739  52  52  43  
-3.89444  6.42982  35.0483  68  67  55  
19.8027  16.8778  92.8462  156  150  140  
-2.63337  10.3637  56.1829  75  73  64  
-0.575018  11.1446  60.2545  61  57  48  
-0.3016  11.5391  62.4003  80  75  64  
11.3891  19.8424  107.34  63  60  46  
12.4474  20.9648  113.903  95  91  79  
20.5378  17.1618  93.2474  75  69  58  
91.294  55.7708  302.786  89  81  70  
-0.859929  0.792317  4.21515  51  52  40  
-2.19172  10.8677  58.4464  84  79  68  
-0.763034  8.70098  47.0184  85  84  71  
12.9994  16.8349  90.4388  93  90  80  
14.6199  17.7665  95.4796  67  61  49  
-2.35286  1.53454  8.11048  52  101  108  
-1.32345  1.32982  7.02496  89  89  80  
-0.527812  7.86711  41.8202  71  68  58  
5.48827  12.0367  63.9788  75  71  60  
17.8572  19.6592  104.85  58  54  44  
18.3951  18.7978  99.8972  68  61  51  
36.5412  22.7383  121.383  84  76  66  
-2.30097  2.21652  11.6774  89  89  77  
-3.8712  6.51607  34.3593  77  76  65  
-0.905322  10.8594  57.2576  95  94  81  
6.99737  18.4011  97.3631  108  105  93  
13.0017  21.6148  114.089  84  80  73  
11.1676  15.3306  81.316  78  75  65  
24.073  22.3107  117.691  73  69  55  
45.0388  39.9104  210.618  72  66  54  
95.0737  58.038  307.415  75  67  58  
144.277  80.9944  427.729  92  85  75  
18.6736  20.3352  106.709  94  89  78  
19.3273  20.6755  108.508  71  66  54  
218.806  151.648  795.67  102  95  84  
-2.54403  1.70461  8.80542  16  18  21  
11.627  16.4592  85.5434  68  65  52  
13.8964  17.816  92.6451  76  71  57  
44.1228  30.6555  158.915  94  88  80  
69.7227  47.0966  245.19  76  70  63  
-3.81745  6.23713  32.0962  62  64  53  
-2.04987  8.73272  44.8901  78  76  68  
14.0704  18.7308  96.2263  148  142  132  
30.7496  22.0966  114.495  101  94  81  
-3.08004  3.00762  15.3611  85  86  76  
-4.87736  4.91857  25.1362  79  79  70  
-2.95566  3.08379  15.7582  73  73  63  
-3.90403  4.60758  23.5709  41  43  32  
-3.16712  4.12924  21.0535  54  53  43  
-3.74488  5.85921  29.9064  50  52  41  
-3.65317  8.62423  44.094  65  64  51  
-0.782595  12.1657  62.3686  60  56  46  
-0.389061  11.9467  61.0191  79  77  67  
5.20914  12.7596  65.3816  100  98  88  
7.43991  13.9209  71.1197  60  57  45  
31.0266  34.9267  178.9  106  100  89  
15.566  16.8861  86.8519  93  88  77  
27.1667  24.7505  126.968  71  65  57  
28.2523  25.4643  130.132  68  62  54  
87.3265  55.6311  285.248  84  78  71  
94.0132  57.8187  296.586  64  57  49  
-3.85787  6.75944  34.2491  54  53  42  
-5.06573  20.5887  104.582  76  75  64  
5.73722  13.1328  66.7797  76  72  62  
14.2735  23.4046  118.699  82  79  68  
17.221  22.1255  112.789  107  104  91  
55.5957  40.7228  206.868  75  69  60  
89.4271  52.5994  267.851  85  78  71  
-3.10713  2.13  10.6758  6  16  21  
-0.56568  11.8364  59.5061  48  46  37  
8.1493  14.6103  73.4951  93  89  75  
-4.49014  4.56202  22.7743  48  45  39  
-6.74429  7.1971  35.9432  59  58  51  
-3.71257  5.80176  28.9275  65  62  54  
4.3796  12.4509  62.2949  65  62  52  
11.7116  17.0489  85.1815  77  74  62  
-3.05429  3.94374  19.495  53  52  43  
-3.24484  4.36458  21.5798  65  66  53  
-3.73624  8.31671  41.2058  45  45  32  
-3.44368  9.26021  45.9062  69  69  56  
21.6774  29.4461  146.041  77  72  60  
29.5724  34.6643  172.068  68  63  49  
20.0174  21.8639  108.583  74  67  59  
17.8363  17.3351  85.5177  95  89  79  
43.6559  41.0622  204.139  153  148  138  
45.4971  33.1248  163.813  122  116  105  
47.7664  34.3841  170.06  121  115  104  
81.6396  53.9446  268.051  95  87  79  
-18.1244  12.358  60.7634  80  100  106  
-2.00674  2.00841  9.87572  49  49  38  
-0.391856  12.5592  61.9382  64  62  50  
8.63576  20.0318  98.749  98  95  82  
27.0279  25.2363  124.521  68  64  54  
65.5498  46.7854  230.529  98  91  81  
-6.24535  6.70789  32.7386  144  145  132  
13.39  23.4309  114.318  62  54  45  
53.854  41.0027  200.39  83  77  69  
-3.73257  6.01375  29.0912  52  51  42  
-3.84404  7.05324  34.1363  71  71  61  
-3.58137  8.92438  43.2345  70  67  56  
-3.51816  9.11022  44.1395  73  71  60  
-0.891609  11.6931  56.5694  64  62  51  
55.5849  42.1475  204.457  75  70  61  
57.7207  43.2656  209.904  73  68  59  
59.9053  44.3946  215.405  76  72  62  
62.1306  45.5282  220.93  78  73  62  
81.1898  55.5968  269.971  75  69  59  
-1.45011  1.49495  7.17372  103  103  93  
-5.803  6.2251  29.9291  45  44  36  
-2.97632  3.29922  15.8731  49  51  41  
-2.85214  3.58069  17.1779  64  62  52  
-3.40053  9.42551  45.3344  96  94  79  
4.04831  12.0232  57.6994  76  74  64  
5.42022  13.1511  63.1454  81  78  68  
18.7169  20.9862  100.743  89  83  73  
82.6608  54.086  260.828  76  69  61  
-3.29786  4.55883  21.7168  73  73  62  
-3.78915  6.43198  30.6616  53  51  42  
-3.82822  6.84477  32.6353  74  72  59  
-3.69356  8.53791  40.7413  61  61  47  
-2.52152  10.8936  52.0549  91  90  78  
-1.54876  7.6782  36.705  87  84  75  
-0.727431  12.0964  57.6621  60  59  47  
7.48525  19.6522  93.9747  64  61  51  
11.4072  21.5091  102.967  156  151  139  
18.537  27.9233  133.308  67  59  51  
16.8932  20.753  99.196  73  67  58  
18.3481  21.5471  103.019  73  69  59  
39.5679  40.269  191.99  85  79  68  
-4.28569  3.06076  14.4602  53  70  77  
-3.37974  9.50768  45.059  89  87  74  
-2.38268  11.0833  52.5776  74  72  60  
7.49561  14.9071  70.5762  65  61  51  
77.7317  52.9291  251.416  99  92  84  
8.57181  15.7721  74.1508  56  49  38  
26.0086  25.4027  119.839  97  93  82  
154.446  115.352  543.384  88  82  73  
-4.22297  3.10677  14.4723  11  18  24  
-3.66932  8.67042  40.4778  54  51  40  
-1.3011  3.04036  14.3613  63  60  50  
-3.35944  9.58956  44.7902  74  72  63  
12.1082  18.229  85.1564  79  72  64  
30.9487  36.5192  170.796  79  74  63  
25.5713  20.0865  94.2593  91  82  74  
34.2676  26.3313  123.581  98  92  83  
-1.69016  1.79403  8.31103  66  67  56  
-2.03877  2.26893  10.505  77  77  66  
-3.74753  4.92063  22.8436  69  71  60  
-3.21829  4.39909  20.3594  55  58  47  
-3.81699  6.8445  31.6991  51  50  40  
-3.52478  9.17969  42.5581  46  44  33  
17.8249  27.962  129.641  64  59  49  
16.6214  21.025  97.6028  78  73  61  
147.96  95.0407  440.487  96  90  80  
-2.41855  2.62412  12.0978  63  64  53  
-3.93324  5.68653  26.2202  58  58  47  
-3.93802  6.65901  30.7216  57  57  43  
-3.83127  7.29857  33.5675  55  54  42  
-3.44984  9.40352  43.2896  70  68  58  
-2.59431  10.9198  50.3133  60  59  46  
-0.802761  12.3301  56.68  51  48  38  
-0.377186  12.9691  59.6318  88  86  77  
7.11  19.7493  91.0549  94  93  81  
5.47129  13.8101  63.7022  75  71  61  
11.2035  16.6509  76.4199  77  72  62  
31.8956  37.2192  171.605  96  91  79  
39.3885  39.3465  181.609  61  54  44  
70.7624  64.746  297.97  93  87  76  
38.7375  34.298  157.911  95  89  76  
128.33  103.66  477.557  72  66  57  
142.593  110.052  507.223  73  67  58  
71.7265  51.0597  235.553  72  66  54  
54.2546  33.6778  155.622  79  73  64  
-2.23782  3.15706  14.3726  105  104  93  
-3.81308  6.84705  31.2633  53  52  41  
-1.90308  10.347  47.5233  78  77  63  
-0.00337416  13.5542  61.8929  61  59  48  
74.7832  68.01  310.8  86  80  67  
-4.18425  3.26668  14.8024  11  18  24  
-8.64847  11.5015  52.221  70  69  59  
-3.28568  4.5883  20.7927  50  50  38  
4.40968  12.9949  58.8737  69  65  57  
6.95403  18.9263  85.7407  64  59  50  
10.9205  22.6826  102.838  65  61  52  
13.3473  24.7877  112.426  73  69  59  
13.6032  19.561  88.8383  115  111  99  
-3.03727  3.59002  16.205  59  57  47  
-3.44581  5.04591  22.7094  52  50  40  
-0.956162  12.2911  55.3139  42  40  27  
6.12866  19.3233  87.1966  64  61  50  
16.3518  21.2801  96.0228  85  78  70  
24.7077  22.4846  101.365  69  62  50  
72.8177  53.6286  242.165  74  68  59  
57.4587  41.921  189.328  82  74  66  
34.8863  25.1365  113.56  65  57  50  
-3.5981  9.02746  40.3975  49  48  36  
-3.30139  9.83367  44.0221  44  43  32  
-0.283731  13.3756  59.7992  66  64  54  
18.4653  22.5383  101.035  85  79  70  
22.517  24.5377  110.076  70  65  55  
26.2059  27.3802  122.439  79  73  67  
34.3382  30.5097  137.069  67  61  52  
58.2773  45.7366  204.985  117  113  102  
-9.51336  7.17333  31.8781  42  97  108  
-4.34513  3.51842  15.6202  52  98  110  
-2.31163  2.53688  11.3051  57  57  46  
-3.41832  4.97319  22.0766  150  152  139  
-3.5107  5.26733  23.3829  79  80  69  
-3.7797  6.55945  29.126  55  55  42  
-3.82505  7.15531  31.7771  44  43  35  
-1.91705  10.5917  46.9809  55  50  42  
5.37286  14.0475  62.5638  93  87  79  
-4.38838  20.5127  90.5953  46  44  33  
-2.82704  14.5372  64.0122  48  44  35  
7.361  15.7094  69.2934  50  46  35  
12.5658  24.644  108.702  58  53  43  
22.694  21.788  96.1857  74  68  59  
26.3701  22.2874  98.8252  90  82  75  
57.2244  45.5362  201.288  81  77  66  
67.5242  49.63  219.555  158  151  142  
-3.01909  3.63708  15.9787  66  64  57  
-8.37386  11.5293  50.5671  46  47  36  
-3.51568  5.29257  23.1786  66  66  55  
-2.78538  5.01106  21.8953  95  95  81  
-3.62727  8.97583  39.3472  69  67  52  
-3.45573  9.51807  41.7339  64  62  52  
-0.95061  12.573  55.0474  53  52  38  
-0.0971113  13.8342  60.5953  61  59  50  
13.1441  25.2674  110.704  83  78  69  
51.8523  42.9686  188.588  90  85  74  
62.3994  47.0224  206.563  78  71  63  
-2.4311  2.85899  12.4482  77  76  66  
-3.34922  4.78047  20.796  62  62  51  
5.71638  18.3401  79.7017  67  65  54  
12.8354  36.2757  158.16  73  71  60  
7.3375  20.0289  87.0716  87  82  72  
17.1516  28.6478  124.738  64  61  48  
19.028  30.0659  130.944  66  63  54  
26.4626  35.0112  152.618  79  75  64  
17.5875  22.4496  97.9064  89  84  73  
28.0688  34.7631  151.092  71  65  52  
85.788  78.3061  341.025  76  71  59  
-2.50061  2.84124  12.3265  107  107  97  
-3.68754  7.06057  30.6233  109  108  95  
-2.84227  7.63475  32.9297  90  88  77  
-3.43951  9.6024  41.5406  49  47  36  
-3.25606  10.0356  43.423  74  73  62  
-0.402947  8.25503  35.5734  119  117  105  
37.2693  27.9647  121.244  98  91  81  
18.0937  29.6158  127.251  72  68  58  
35.0519  34.3457  148.036  115  107  96  
37.0133  35.1119  150.882  96  93  78  
13.2834  25.8861  110.416  84  79  65  
19.5028  30.777  131.389  74  70  63  
20.8352  24.0666  102.278  86  80  68  
47.9061  51.3656  219.03  87  80  68  
47.2755  41.1856  175.936  70  64  52  
-2.78423  3.47458  14.7311  79  81  67  
-2.46101  3.60625  15.3009  135  138  124  
-3.59479  9.19839  39.0021  70  70  57  
-0.278126  13.9143  58.9413  57  56  45  
7.60955  16.4186  69.5763  71  68  57  
16.8528  28.9095  122.563  74  71  62  
24.9109  34.4749  146.305  64  59  50  
33.8394  37.808  160.66  70  61  51  
-2.78561  3.32666  14.0565  42  44  34  
-3.83262  7.19231  30.28  58  58  46  
-3.83089  7.7639  32.6905  45  41  30  
-3.3002  10.0278  42.2555  66  63  54  
5.69421  18.8781  79.3645  74  71  59  
10.3692  23.5461  99.0784  81  77  69  
47.7768  37.1316  156.74  100  92  83  
-2.46501  2.87968  12.0623  45  44  34  
-2.19262  2.67511  11.1804  110  110  98  
-3.36579  9.89869  41.4387  47  47  33  
-0.549753  9.25818  38.8492  89  85  74  
16.7039  29.031  121.48  80  77  67  
18.8347  30.6374  128.237  149  146  137  
13.9986  21.8517  91.7995  100  96  85  
32.7386  25.282  106.068  160  152  145  
-5.65208  4.8593  20.1838  44  96  104  
16.7864  22.6403  94.274  70  66  55  
28.1654  36.4058  151.578  93  87  74  
26.4649  26.5852  110.909  80  72  60  
38.6198  36.911  153.527  69  63  53  
96.9921  86.2767  358.959  77  71  62  
95.7  80.9321  336.883  85  78  69  
134.623  107.642  446.855  114  107  100  
-6.41982  5.21356  21.4999  41  88  97  
-2.99901  3.73995  15.4992  74  74  63  
-3.08904  3.91538  16.224  72  72  61  
-3.84548  7.54453  31.1573  85  85  72  
-0.450506  13.9283  57.4868  74  71  63  
-0.0938226  14.4232  59.5385  49  46  37  
10.8468  19.0888  78.8839  80  75  65  
73.0318  71.6155  295.832  67  59  51  
-1.91199  11.4552  46.9445  52  49  38  
-0.93644  13.2573  54.3578  44  42  32  
6.048  20.0524  82.4193  70  68  55  
7.69659  16.9075  69.3751  67  62  50  
12.4358  25.8698  106.122  100  95  83  
13.0168  26.3722  108.192  102  98  85  
17.8469  30.2424  124.152  126  121  112  
19.2611  31.2746  128.413  81  77  66  
24.8167  34.8379  143.144  66  60  48  
46.1681  36.8234  151.477  71  64  58  
-6.67183  5.45884  22.2259  67  81  88  
-2.69841  5.10017  20.8235  75  75  58  
-6.33307  13.8074  56.2521  70  68  57  
-2.95972  8.00108  32.5571  63  60  50  
-3.22137  10.3144  42.094  46  45  35  
-0.448587  14.0584  57.2911  52  51  40  
31.2583  37.1358  151.776  69  62  53  
32.4289  36.5926  149.611  61  53  45  
73.0937  72.1377  294.228  151  147  138  
-20.5647  17.2165  69.7006  9  18  21  
-2.78335  3.41007  13.8353  48  47  36  
5.4812  19.2975  78.0705  89  86  75  
31.8502  33.3154  135.444  79  71  63  
34.2708  34.9084  141.508  71  64  55  
44.6338  40.9488  166.121  73  67  58  
32.9133  26.2383  106.617  154  148  140  
17.0125  13.384  54.4393  94  88  79  
7.20861  21.2576  85.4938  88  83  73  
10.6953  24.6534  99.2115  70  65  54  
39.8807  47.3498  190.499  152  147  134  
87.0612  76.4336  308.187  89  84  71  
56.4671  46.5655  187.906  64  55  47  
-7.06552  8.63131  34.5498  70  71  55  
-1.34079  21.2279  85.0921  49  47  38  
-0.129553  10.4407  41.7908  71  66  57  
5.64991  19.6979  78.7058  70  66  56  
12.273  26.1799  104.727  77  71  59  
16.8371  29.9108  119.729  83  77  65  
18.1716  30.9039  123.726  84  82  72  
23.7736  34.5387  138.379  64  59  49  
48.2052  39.6186  158.909  72  62  55  
40.53  33.003  132.403  72  63  57  
-3.14225  4.14743  16.509  76  76  65  
-7.60823  12.3577  49.2  49  48  34  
-3.11161  6.67225  26.4816  88  88  74  
-3.05665  7.80272  30.9699  136  140  122  
-6.04424  17.0723  67.8693  62  62  48  
-2.21567  6.62477  26.2431  104  104  90  
-0.693748  13.9514  55.4492  70  66  57  
12.7923  26.7409  106.32  99  96  83  
17.4128  30.4473  121.135  152  150  140  
30.089  36.6577  146.117  69  63  53  
31.1312  36.0244  143.645  73  65  55  
32.6976  34.3804  136.776  96  90  80  
-6.99935  5.99784  23.6769  3  20  20  
-21.7824  19.2024  75.8371  4  17  22  
-2.9956  3.79267  15.0108  46  48  35  
-7.58486  9.90912  39.1803  58  58  49  
-3.87173  7.74215  30.6083  95  95  80  
-3.14225  10.5956  41.9215  103  102  90  
-2.30212  10.9578  43.2509  46  45  33  
-2.06597  11.5296  45.5135  60  59  48  
-0.528195  14.2573  56.3223  98  92  82  
10.9827  34.8792  138.033  76  73  60  
82.3905  77.5648  304.984  77  70  63  
-7.33087  6.26112  24.4129  75  100  107  
10.5438  25.0608  97.798  74  70  62  
10.206  22.0089  86.1897  100  95  83  
15.8943  29.5974  115.592  66  59  50  
77.5924  69.8818  273.239  101  94  87  
32.2897  26.7127  104.6  68  59  53  
-3.69172  5.80119  22.5249  67  66  54  
-3.77517  6.22869  24.1828  150  150  135  
-6.01423  17.1095  66.3765  52  52  37  
-2.85871  9.42532  36.521  72  69  57  
5.58704  16.9238  65.4417  62  59  50  
11.2759  25.8352  100.225  80  78  69  
24.5692  35.2061  136.833  66  61  53  
27.5786  38.2854  148.377  62  55  44  
24.6384  29.6641  115.096  53  46  37  
42.0681  35.4885  138.072  58  49  46  
25.502  21.0537  81.9749  59  49  42  
-3.62821  6.18536  23.9465  55  55  41  
-2.9126  9.29008  35.7816  39  37  25  
3.97742  14.3264  55.3888  72  68  56  
6.36124  20.6817  79.9287  153  149  140  
11.7614  26.3741  101.712  152  150  141  
18.5778  31.758  122.593  85  79  67  
77.925  72.6198  280.48  63  57  47  
-4.47244  5.70279  21.8573  57  58  48  
-3.27909  4.47553  17.2345  63  65  53  
-3.69804  5.77182  22.147  52  51  38  
-3.76571  6.10543  23.4251  55  52  42  
-6.91395  12.6612  48.6282  133  134  121  
-5.83477  17.7163  67.9193  66  65  52  
-2.46709  11.749  45.1255  68  66  56  
-2.01218  11.9942  45.9459  68  65  58  
-1.84812  12.339  47.2704  50  48  40  
17.2133  30.8778  118.465  59  55  44  
26.0673  32.1871  123.019  151  146  136  
28.9185  31.9776  123.032  78  72  64  
60.749  65.4095  250.851  79  73  65  
76.6249  74.3341  285.303  79  74  64  
34.9072  29.5337  113.566  155  146  139  
-3.81238  6.34115  24.1858  57  57  48  
18.691  32.0043  122.086  100  94  82  
25.0328  36.6164  139.371  112  107  95  
38.5049  48.282  183.909  155  150  138  
28.5103  24.0577  91.9916  153  145  138  
-7.65995  6.84388  25.9044  46  96  104  
-7.43441  6.85564  25.9563  37  96  109  
-3.12723  5.33633  20.1987  53  52  41  
8.47425  21.6809  82.3672  86  83  72  
12.1656  27.0364  102.436  85  81  68  
16.1298  30.257  114.703  63  58  47  
22.3443  34.2838  130.081  78  75  65  
70.5645  65.4917  248.54  105  99  88  
-7.83067  6.96514  26.2066  35  79  90  
-7.46524  6.99938  26.3476  37  96  110  
-5.93026  17.3821  65.4632  95  93  81  
-2.95839  9.48319  35.6756  70  68  58  
323.873  272.618  1026.17  76  68  60  
-5.56876  8.81492  32.9842  92  92  78  
-3.12026  10.8773  40.7911  57  55  46  
-2.30658  11.5962  43.3866  70  68  55  
-2.08785  12.2766  46.0682  99  99  86  
2.45845  8.30369  31.4087  109  106  96  
28.0454  34.9732  131.324  65  57  49  
28.1979  34.6605  130.163  58  50  39  
33.5911  36.3084  136.085  77  72  64  
68.0396  63.8966  239.666  107  98  90  
-3.47277  4.78092  17.8295  145  147  132  
70.9302  70.0561  261.136  77  69  63  
42.6595  41.3869  154.349  71  64  58  
-8.17099  7.31962  27.0628  45  81  88  
-7.69785  7.42425  27.4663  37  81  93  
4.01647  15.0995  55.8718  65  61  49  
10.504  25.9454  96.0229  79  76  62  
12.2506  27.5018  101.81  126  123  111  
15.2489  29.9449  110.902  63  60  49  
17.2847  31.4375  116.464  85  80  68  
27.1242  39.4604  145.907  68  64  51  
27.786  24.1421  89.6658  156  148  141  
-3.40385  4.49073  16.5626  96  97  82  
-3.48501  4.74061  17.4804  69  68  58  
-5.24741  7.48503  27.5334  49  51  40  
-3.31107  7.57748  27.8567  71  70  58  
18.0752  32.051  118.073  107  104  90  
52.8427  60.8475  223.983  72  66  54  
62.2165  67.1788  247.395  81  77  69  
-8.33978  7.55635  27.6204  57  94  108  
-7.88843  7.69542  28.1452  50  91  105  
-5.85763  9.7617  35.6965  55  55  40  
-3.29067  5.8758  21.4869  91  94  77  
-3.23674  7.60414  27.9544  71  70  58  
-3.05693  9.54938  34.9089  146  145  132  
-0.245924  13.7197  50.3658  64  58  44  
-0.0869645  15.636  57.2277  100  96  82  
6.25156  21.8895  80.036  89  84  71  
23.0874  34.7827  127.508  67  62  52  
27.0043  34.4642  126.47  64  57  46  
41.4204  52.1289  190.707  67  60  48  
39.9178  35.8892  131.691  56  50  42  
-3.49301  10.2386  37.3056  70  70  54  
-2.05452  12.4311  45.3338  70  71  58  
-1.83892  12.9494  47.0963  53  52  38  
17.0124  31.4766  114.633  67  62  53  
34.86  46.8313  170.306  96  90  79  
58.2778  64.8579  236.118  98  94  83  
66.4988  67.2064  244.852  81  74  63  
62.3281  60.2469  219.595  66  57  51  
-8.07434  7.96627  28.8075  31  62  71  
10.1403  25.9934  94.0379  66  62  51  
17.7751  32.0604  116.117  107  102  92  
37.8315  58.7264  212.744  65  59  51  
39.315  50.7753  183.654  151  146  132  
41.7799  52.7967  190.988  111  105  93  
-8.58771  7.91321  28.4397  36  67  73  
-3.3848  10.5609  38.0545  62  60  48  
25.9913  34.4923  124.432  154  148  135  
-8.50525  8.08665  28.9073  6  15  18  
-5.44645  7.74123  27.6856  75  76  62  
-6.07367  10.5556  37.7422  74  74  60  
-3.36602  17.1735  61.3494  72  72  61  
6.51921  21.1946  76.0101  80  76  65  
17.578  32.0618  114.833  103  98  87  
21.4038  34.1595  122.419  142  138  127  
25.3953  34.6635  124.336  97  91  80  
19.0539  19.9046  71.5928  88  80  72  
24.359  21.8068  78.3148  62  52  44  
-8.39339  8.32926  29.6175  21  73  87  
-3.66248  5.03734  17.9622  45  44  33  
-3.96287  6.60619  23.5384  72  73  57  
-3.97144  8.50842  30.3105  50  50  36  
-6.32849  15.3959  54.7591  61  60  48  
-4.12345  12.7643  45.3336  120  120  105  
-3.46707  20.768  73.973  60  57  48  
5.5399  20.7486  73.978  95  93  80  
6.37695  22.5051  80.0215  71  68  57  
9.59792  25.7646  91.6611  72  69  59  
53.4616  62.026  220.791  64  58  50  
-3.55818  3.41577  12.1275  46  78  92  
-5.46634  5.37797  19.0161  30  78  91  
-3.82877  5.68393  20.1493  51  50  38  
-1.8333  13.2824  46.9856  71  69  60  
-0.508201  15.4148  54.5554  48  46  35  
14.6914  30.1771  106.853  64  60  52  
16.8263  31.1248  109.957  100  96  87  
112.183  147.145  520.275  65  56  52  
60.7175  62.0452  219.876  74  71  61  
58.2313  58.2041  206.311  70  64  56  
-6.13748  10.64  37.4207  57  56  46  
-6.18174  10.9247  38.4218  49  49  38  
-4.0453  7.51306  26.4746  55  54  41  
-2.21075  12.5793  44.2501  140  139  128  
-2.10841  12.7978  45.0204  155  153  143  
15.9452  31.1603  109.753  57  51  43  
20.2045  33.6869  118.731  77  72  61  
26.4908  40.5234  142.479  59  54  45  
36.5192  34.1519  120.531  62  53  48  
-4.00981  6.67299  23.3914  128  133  118  
-1.77208  13.5249  47.3264  116  115  105  
21.5399  34.2283  120.015  92  87  78  
55.9951  63.5807  222.695  64  59  49  
21.6237  19.7107  69.2696  77  70  62  
-3.48539  7.9186  27.5477  67  66  53  
-3.42814  8.52488  29.6552  78  74  69  
5.04764  20.6112  71.892  78  74  58  
5.83268  21.0189  73.3321  75  70  61  
6.35962  21.2538  74.1638  81  77  66  
9.4832  26.017  90.561  110  107  94  
11.7574  28.0605  97.7085  99  94  83  
55.5001  56.3954  196.661  75  68  62  
-9.14129  8.75211  30.2694  61  99  107  
-3.89114  20.5457  71.1997  79  77  66  
-1.82858  13.5458  46.891  48  47  36  
-0.818769  15.2034  52.6479  70  69  56  
-0.0837576  16.1975  56.1043  61  59  48  
58.0785  62.0532  215.131  69  65  55  
56.591  58.7792  203.837  86  81  74  
-4.23318  7.35039  25.2814  76  75  62  
-3.14586  10.2678  35.3386  88  87  76  
10.2974  26.9437  92.7979  76  70  61  
-9.12562  9.10956  31.1766  56  103  116  
-3.90336  5.49522  18.8666  70  70  58  
-4.11452  7.61939  26.1393  75  75  62  
-3.85737  9.61416  32.9827  152  151  135  
9.61021  26.3968  90.4221  126  122  112  
14.7852  30.6739  105.157  78  73  63  
15.2894  31.03  106.386  74  70  60  
15.3175  30.5131  104.351  80  76  66  
16.8124  32.0314  109.845  57  52  42  
19.5502  33.4901  114.9  106  100  88  
20.4856  33.852  116.161  76  70  60  
34.2858  32.9483  113.199  63  56  49  
-3.45388  5.12222  17.4662  64  64  51  
-8.27832  12.7581  43.5067  81  81  70  
-4.12941  7.46674  25.4815  110  110  96  
-3.56484  7.98156  27.1831  65  65  52  
11.7183  39.3595  133.96  131  129  116  
10.0103  26.8506  91.4971  117  113  102  
11.1219  27.8407  94.8875  65  60  47  
21.6131  34.0991  116.422  58  52  40  
49.4073  59.8618  204.073  81  77  65  
52.8737  61.6735  210.303  93  90  80  
-4.14091  7.24946  24.6117  88  89  73  
-3.61717  6.98072  23.6558  90  89  73  
-6.4067  15.529  52.6154  68  67  57  
-6.36629  15.8371  53.6611  68  66  54  
50.7063  60.5882  205.489  150  145  135  
-6.31698  16.2248  54.6893  77  77  62  
-2.35637  12.8036  43.158  75  75  61  
-2.98776  20.9739  70.8057  104  103  89  
-0.887225  15.3887  51.8976  98  96  84  
5.54539  12.0933  41.1087  95  89  77  
49.8159  51.9915  175.627  59  55  46  
-9.50681  9.54155  31.97  15  15  22  
-9.38206  9.66675  32.3948  2  15  22  
-2.13765  12.7198  42.7705  61  59  44  
-1.82119  13.936  46.74  55  53  41  
24.0731  23.0967  77.7656  68  64  59  
9.45966  26.6719  89.0017  77  72  62  
11.4043  28.3929  94.7737  95  89  79  
20.9653  36.9352  123.105  71  69  56  
37.3639  51.5634  172.036  59  52  44  
90.1279  80.1917  267.725  70  62  52  
-9.73071  9.71708  32.2185  51  97  108  
-6.22877  6.63615  22.0116  35  96  103  
-4.21409  7.67614  25.5241  82  81  66  
-4.20769  7.88709  26.2246  74  74  60  
-3.63408  8.45572  28.0589  74  73  59  
-0.654072  15.8844  52.7479  74  72  61  
5.22651  22.3964  74.298  77  74  63  
6.73969  24.0601  79.8381  71  67  55  
15.5488  31.5369  104.796  155  150  141  
16.262  31.9741  106.261  107  103  91  
20.4538  33.6934  112.064  67  60  51  
21.9985  27.7702  92.5441  67  61  47  
49.5475  59.6987  198.319  66  61  48  
33.3526  33.2454  110.685  96  91  81  
-4.15763  6.07352  20.1028  67  69  57  
-3.74892  5.80211  19.2659  52  52  40  
-6.43988  15.8214  52.2322  67  66  54  
-3.54383  9.29641  30.689  89  88  76  
-4.1711  15.542  51.2462  87  86  76  
8.36409  32.456  107.341  85  80  71  
22.1813  38.4175  126.747  76  71  62  
25.5023  41.5595  137.144  57  53  43  
-4.23384  6.71923  22.1212  76  77  65  
-2.40431  13.0395  42.836  63  62  50  
13.7573  30.4338  100.073  69  63  54  
21.246  37.661  123.611  119  113  101  
24.4374  40.7148  133.663  113  109  98  
50.6011  57.3174  188.576  111  106  97  
49.9884  55.6609  183.155  73  66  60  
48.2713  52.5618  172.999  85  80  73  
19.912  19.3435  63.8359  68  61  54  
-6.33237  9.55898  31.2322  140  140  129  
-4.27239  7.68698  25.173  63  63  48  
-4.25289  8.09628  26.5116  59  58  48  
-6.63306  13.2738  43.3679  79  79  63  
-0.878621  15.7368  51.4609  65  64  53  
14.8432  31.2295  102.188  103  97  88  
15.5098  32.0192  104.514  85  79  69  
-4.28943  6.87767  22.4143  78  79  67  
-3.93772  9.9432  32.3956  55  54  41  
-2.04278  13.9016  45.2139  60  55  48  
-0.522306  25.9353  84.3005  73  72  61  
7.0313  24.6989  80.311  64  60  52  
9.10925  26.7405  86.9792  75  71  61  
14.3111  30.928  100.683  72  66  56  
10.203  20.7465  67.7805  77  73  64  
36.7769  51.6954  168.132  71  63  57  
49.2682  56.3806  183.623  105  101  93  
77.4885  87.2531  283.405  111  105  100  
44.9568  48.6543  158.554  97  90  81  
-4.29571  6.40537  20.7745  53  54  41  
-6.46331  10.0886  32.6302  53  52  42  
-1.81214  14.3841  46.5522  45  43  30  
4.80289  19.9124  64.2733  84  77  66  
33.641  49.2912  159.48  57  51  44  
-3.24234  11.1352  35.8442  57  57  43  
-3.02308  11.8084  38.0128  95  94  83  
-2.35537  13.413  43.1861  112  109  98  
5.97306  23.7376  76.4018  78  71  61  
68.3708  85.6242  275.816  62  55  45  
47.9861  55.4715  178.858  85  83  73  
132.626  118.637  381.32  75  67  64  
-3.8549  6.25045  20.1354  64  62  54  
-3.21909  6.44164  20.6191  111  111  98  
-3.01667  8.08659  26.0569  107  106  94  
-2.14897  13.8905  44.5045  85  83  69  
-0.872923  15.9648  51.1709  65  61  45  
-0.722456  16.1715  51.8359  77  73  60  
-0.0792065  16.9902  54.471  97  94  80  
14.7642  31.3583  100.574  152  149  136  
43.4501  75.6024  241.858  153  150  136  
32.6977  48.7524  156.164  93  86  75  
46.6847  53.3176  171.088  91  86  77  
-4.39547  6.6047  21.1028  82  80  73  
-6.61994  10.6578  33.9581  68  68  56  
24.1073  53.7857  171.492  73  70  56  
15.3423  31.7367  101.296  53  49  41  
18.24  32.9792  105.322  71  68  53  
19.4815  33.1404  105.869  57  51  41  
81.739  119.868  381.85  54  51  36  
36.9084  52.1818  166.37  60  54  46  
-4.4288  6.78871  21.5829  55  53  45  
-3.19715  11.5458  36.6195  150  149  135  
-3.10074  11.832  37.528  150  150  133  
-2.99668  12.1218  38.4477  71  70  57  
6.60176  24.6526  78.1863  76  73  64  
43.5247  56.289  178.681  82  76  65  
28.4678  29.5665  94.102  68  65  58  
18.772  18.8952  60.2197  72  66  58  
-4.45215  7.29828  23.0862  66  67  54  
-4.06416  9.94026  31.4364  53  52  40  
-2.51217  8.54249  27.1339  81  80  70  
-0.868672  16.1336  50.9543  56  54  41  
14.5365  31.3364  99.0285  56  50  41  
20.7997  38.3672  121  149  146  133  
43.8366  56.2525  177.707  61  54  46  
-7.76661  8.4932  26.6319  52  92  100  
-4.86795  5.42789  17.0885  41  93  103  
-4.49238  6.95476  21.8948  96  98  86  
-6.32755  17.2222  54.0902  69  70  57  
-0.161399  17.0933  53.7342  56  52  43  
-5.83636  6.19607  19.4256  49  99  108  
-3.27169  11.5787  36.1909  70  69  57  
-3.04095  12.2407  38.2617  71  69  60  
9.26209  27.4641  85.8762  66  61  50  
10.2415  28.3166  88.5559  51  46  39  
-7.04014  8.00299  24.873  43  87  97  
-3.21397  11.8391  36.8273  50  49  37  
-3.11432  12.1221  37.708  51  48  40  
13.4798  30.796  95.8986  53  50  42  
15.9297  33.8264  105.099  68  65  55  
17.6513  32.7088  101.939  53  48  39  
23.9676  41.8065  129.972  72  67  58  
20.3998  31.3435  97.7919  87  82  73  
77.537  104.38  324.732  83  77  67  
43.0933  55.4154  172.545  64  59  51  
-10.7006  11.342  35.0678  36  64  71  
-4.03306  7.81639  24.2066  51  51  37  
-5.03957  10.5374  32.5794  54  53  42  
-3.81305  9.63861  29.8396  65  62  50  
-1.91827  14.748  45.6711  100  98  89  
-0.525055  15.5102  47.9512  74  70  64  
42.5735  50.328  156.072  71  62  58  
39.7901  45.5024  141.163  61  57  48  
-6.91348  11.4293  35.1948  74  74  63  
-6.92213  11.7217  36.0955  58  58  44  
-0.861636  16.4112  50.5951  49  47  35  
17.132  48.0993  148.137  153  151  140  
10.7182  28.8944  89.0775  120  118  107  
13.7581  31.0467  95.7628  154  151  139  
15.2354  33.3527  102.632  153  150  139  
22.9358  41.0906  126.518  153  151  139  
74.9942  112.968  347.835  57  51  43  
26.4661  28.3109  87.5327  62  56  46  
17.7717  18.4249  57.048  74  70  62  
-8.95107  14.6263  44.8766  81  80  71  
-3.85373  10.8824  33.4391  53  51  41  
-2.08652  14.5751  44.7052  67  65  56  
-1.91578  14.8738  45.6236  145  144  133  
8.95185  27.456  84.2167  78  75  64  
55.5162  73.031  224.071  151  145  135  
-10.8111  11.804  35.9792  15  11  20  
-10.7219  11.9523  36.4354  45  90  101  
-4.68637  7.35903  22.5082  67  65  53  
-2.40251  14.0471  42.8786  60  60  46  
-10.9388  11.818  35.8487  43  81  90  
-10.6318  12.3627  37.5152  41  81  92  
-4.53511  8.78773  26.7458  58  59  46  
-6.63316  16.6771  50.6423  49  48  37  
-3.99646  10.6746  32.4906  57  56  45  
-0.857445  16.5754  50.3808  65  63  50  
