9
0.999476  -0.00849428  0.0312477  0.186849  0.00852527  0.999963  -0.000858395  -0.190712  -0.0312393  0.00112434  0.999511  -0.963699  
1  0  0  0  0  1  0  0  0  0  1  0  
0.999535  0.00110178  -0.0304688  -0.219597  -0.0012366  0.99999  -0.00440611  0.245806  0.0304636  0.00444173  0.999526  2.16069  
0.998058  0.00569954  -0.0620337  -0.543574  -0.00601036  0.99997  -0.00482511  -0.0861563  0.0620044  0.00518859  0.998062  3.2209  
0.99369  0.00306174  -0.112118  0.0482859  -0.00416034  0.999946  -0.00956603  0.00191344  0.112082  0.00997212  0.993649  0.200972  
0.98909  0.00481233  -0.147233  0.0340156  -0.00703627  0.999869  -0.0145878  -0.0573806  0.147144  0.0154646  0.988994  0.405127  
0.979884  0.00716715  -0.199441  0.450615  -0.0122699  0.999628  -0.0243609  -0.684634  0.199192  0.026318  0.979607  -1.49861  
0.973252  -0.0118285  -0.229435  -1.116  0.0042849  0.999435  -0.0333494  0.731732  0.2297  0.0314743  0.972752  3.26217  
0.963961  0.000623999  -0.266045  -1.87238  -0.00793427  0.99962  -0.0264037  -0.294926  0.265927  0.027563  0.963599  5.74338  
