924
17.1812  -13.5681  41.8468  21  19  22  
18.7382  -14.2458  44.3997  41  33  33  
2.79334  -3.55305  11.3159  74  106  102  
19.228  -14.1328  45.0506  22  19  20  
3.28753  -3.44167  11.0424  64  84  90  
19.0158  -13.9529  45.3849  93  89  85  
15.5589  -11.1561  37.3635  106  106  95  
5.23322  -6.3062  24.8454  127  162  147  
4.57282  -5.64836  22.5614  32  24  17  
7.00117  -6.01045  24.231  153  172  162  
7.38569  -5.10754  20.5496  156  176  173  
8.03285  -5.51553  22.7416  60  74  67  
14.8809  -9.01844  37.3877  164  183  171  
14.9709  -9.00209  37.3213  163  177  167  
15.0605  -8.98579  37.2551  155  169  158  
14.437  -8.431  35.7527  29  21  22  
16.4396  -9.39363  39.7616  130  126  116  
15.8836  -9.11561  37.8091  41  38  38  
10.5015  -7.11068  32.0956  14  8  8  
-27.3427  -14.4204  65.5308  30  42  30  
8.79199  -5.96314  27.6308  163  169  147  
8.86296  -5.95269  27.5834  144  153  125  
14.5728  -7.65756  35.822  136  142  131  
9.39724  -6.33812  29.9528  99  78  49  
-26.7053  -13.3239  63.4822  49  59  48  
9.21455  -6.09442  29.1145  130  101  84  
6.63265  -4.46336  21.4308  95  71  52  
7.80456  -5.06003  24.3694  147  144  121  
7.61312  -4.93354  24.0257  149  140  120  
13.1392  -7.97429  39.1642  89  79  37  
15.7145  -7.99161  39.154  39  32  25  
15.202  -9.07511  45.3502  126  125  78  
-27.8665  -13.1335  65.7951  47  60  47  
8.51359  -5.3895  27.9264  74  62  41  
13.3379  -7.46575  38.605  81  67  41  
-27.1375  -11.9405  63.5564  55  63  51  
-7.93815  -9.783  52.3078  40  47  44  
-31.0806  -13.106  72.566  44  55  39  
16.7884  -7.4472  41.4679  133  134  125  
-24.2309  -9.89798  56.4008  26  32  16  
16.4161  -7.02284  40.8834  40  35  31  
-9.5018  -10.0179  59.9358  0  2  8  
-8.17172  -9.03844  52.7658  68  77  78  
-28.1879  -10.9639  65.8158  10  16  8  
-34.39  -14.2031  86.742  74  101  92  
-10.443  -10.2654  63.5312  138  167  160  
-28.1294  -10.2913  64.8239  39  48  40  
-8.71189  -8.85696  55.8446  102  107  104  
15.6988  -6.25188  38.4796  157  147  128  
-10.9623  -4.39248  27.6315  28  33  35  
-15.722  -13.2984  84.4993  47  64  70  
-8.57579  -8.36318  53.2227  0  0  0  
-13.4  -5.36417  34.5864  77  102  98  
-10.0207  -9.07729  59.9296  112  151  146  
-9.70339  -8.89786  60.0019  13  26  24  
-26.6609  -9.15489  61.603  45  57  53  
16.2016  -5.78328  40.0731  169  175  154  
-9.36263  -7.7298  54.9724  136  165  164  
-10.3462  -8.2077  60.463  136  165  163  
-10.1277  -8.18296  60.2845  106  130  127  
-9.27695  -7.57197  56.0671  11  30  23  
-36.8005  -17.6576  131.159  76  96  101  
-14.0171  -7.02251  52.0888  67  88  97  
-12.0335  -6.93708  52.7585  88  117  121  
-9.67169  -7.09874  55.7889  140  168  167  
-9.45846  -6.8703  56.0885  21  33  31  
-10.4425  -7.16198  60.4541  100  119  109  
17.1318  -5.18626  42.9903  45  46  42  
-11.6764  -8.24029  70.6313  77  89  81  
15.5783  -4.59744  38.8013  155  160  137  
-11.4096  -7.98463  70.338  65  72  66  
-8.44245  -6.14591  55.1438  49  56  42  
-15.3632  -8.14975  73.2167  119  145  139  
17.7103  -4.68449  41.842  198  209  212  
-12.6722  -8.20265  74.3334  74  78  71  
-13.0735  -3.43941  31.8172  99  129  122  
-9.22858  -5.86294  55.7304  89  90  79  
-10.2021  -5.82996  55.7941  7  14  23  
-11.6248  -6.9795  66.9787  1  0  11  
-21.3083  -9.47247  93.1181  135  185  189  
-8.90986  -6.35765  62.445  36  39  28  
-9.91193  -5.63729  55.6311  138  179  171  
-10.7021  -6.40381  63.8381  126  148  136  
17.0621  -4.22762  42.5068  155  161  145  
16.2246  -4.0534  40.0791  163  155  135  
14.77  -3.61393  36.2231  74  63  56  
-9.04274  -5.40769  55.097  0  0  3  
17.8521  -4.12581  42.1796  197  209  198  
-9.91955  -5.37896  55.6721  92  130  130  
13.5226  -3.35073  34.3327  71  75  67  
13.8172  -3.25612  34.202  146  146  135  
15.3999  -3.56294  36.9018  168  177  167  
-9.63361  -5.10222  55.5251  22  45  52  
-10.1234  -5.55189  60.5135  114  139  124  
17.5554  -4.10537  43.7128  121  122  115  
-31.5357  -6.33002  72.0184  77  92  90  
-10.971  -5.28884  60.7363  105  147  147  
-10.7504  -5.273  60.5603  98  134  135  
-10.0224  -5.35788  60.4728  15  21  25  
18.6975  -3.95343  43.983  67  71  76  
-13.3077  -4.35221  51.5204  92  121  125  
20.7412  -4.36036  51.2975  148  155  153  
-9.54868  -4.66632  55.5321  77  85  80  
16.9877  -3.60146  42.993  77  72  67  
16.7868  -3.39085  40.0835  179  217  223  
-11.0712  -4.25735  52.4798  109  124  122  
15.9937  -3.19259  39.535  142  146  132  
-12.9062  -3.99556  50.0641  112  139  136  
-15.0771  -6.04677  76.5111  104  127  119  
-12.2716  -4.46294  57.3137  128  154  150  
-8.69055  -4.2765  55.0364  184  198  196  
-8.31023  -4.25673  54.7948  161  172  164  
-8.69533  -4.10572  55.0652  194  212  210  
3.19253  -2.16546  28.3437  98  101  93  
16.1646  -3.05194  40.5652  138  142  123  
15.2113  -2.8107  37.2936  85  93  97  
-15.0584  -4.33187  59.1182  131  155  151  
-11.0344  -3.73391  51.4884  79  96  90  
-8.50705  -4.01095  54.9588  67  80  72  
-11.0561  -4.04762  56.5868  65  87  79  
-11.0659  -4.5249  64.1896  75  93  114  
-14.7352  -4.13226  58.9322  75  93  97  
-47.4193  -10.5848  159.517  118  158  156  
-14.5878  -3.35718  50.4415  133  165  168  
18.7511  -3.04065  44.7688  159  186  189  
-23.6404  -3.43699  53.0937  62  79  75  
-23.7337  -3.67031  58.3722  70  91  91  
-25.9539  -8.50336  135.184  168  208  212  
-21.2603  -4.10535  66.6465  120  146  147  
-15.6878  -3.5903  58.3181  108  135  138  
-16.0561  -3.86681  62.9607  104  134  134  
-20.7388  -3.71331  61.6999  90  115  118  
-19.566  -4.11424  70.6506  93  116  125  
-23.6649  -5.49413  94.9539  115  145  154  
12.8798  -1.69009  35.0826  152  150  157  
-25.1083  -1.13984  55.0661  75  96  92  
-26.0442  -0.626035  60.9213  80  109  103  
-24.4876  -0.556977  58.6365  83  98  98  
-6.22691  -0.147208  16.4047  92  112  111  
-21.5763  -0.315163  58.2355  88  114  113  
-5.71162  -0.105357  15.8265  113  140  144  
-20.7525  -0.322572  61.7261  86  113  109  
-26.5853  -0.199477  63.6471  84  114  114  
-17.8996  -0.253487  56.9868  119  146  148  
-8.99452  -0.113867  29.8107  127  155  154  
-24.6025  -0.142445  64.2308  67  95  93  
-19.571  -0.079724  57.9833  96  123  126  
-15.8712  0.185528  62.9791  132  165  169  
-29.9231  1.43809  65.7376  143  167  153  
-17.8485  0.977658  39.9225  20  19  16  
-21.9337  1.34255  53.7261  157  183  166  
-18.8727  1.15742  46.5959  164  196  178  
-24.6355  1.56656  62.2255  168  199  179  
-11.4351  0.723802  29.8611  161  187  174  
-41.1043  2.87382  100.455  15  14  5  
-10.872  0.81175  29.5973  166  195  182  
-9.57912  0.736772  26.9987  195  229  210  
-14.0972  1.06451  36.3586  14  18  7  
-49.0194  3.39903  107.512  103  115  100  
-26.6351  1.99379  63.5197  94  117  109  
-25.8207  1.97856  62.9836  105  132  123  
-6.74164  0.637962  21.2516  189  215  202  
-2.89776  0.261088  9.23044  213  238  226  
-6.51189  0.635415  21.1522  209  238  227  
-5.89422  0.590242  19.7486  214  244  229  
-4.60048  0.45984  15.7476  204  235  223  
-9.32939  0.861285  26.8861  18  21  16  
-34.3121  3.42402  104.312  29  33  26  
-9.66811  0.981638  29.0348  32  26  13  
-2.8544  0.285431  9.09234  30  22  23  
-5.61419  0.691032  20.7643  187  213  200  
-28.5128  2.19677  62.4718  88  97  82  
-27.7308  2.31589  64.2199  51  57  45  
-29.8145  2.63194  69.7872  79  79  69  
-5.76233  0.758714  20.8306  23  19  6  
-4.95917  0.662147  18.3448  24  16  17  
-1.80885  0.286622  8.334  215  238  229  
-3.69961  0.628088  16.1077  24  20  15  
-1.73714  0.293753  7.89066  36  30  30  
-23.176  5.68184  140.051  220  244  237  
-12.2053  2.98602  69.0072  29  20  17  
-2.66458  1.82789  39.5514  236  255  247  
-3.59932  2.64846  53.2966  45  35  38  
13.2361  6.27721  99.1287  75  73  76  
-23.2391  3.57807  54.4193  21  16  4  
-21.3523  3.29179  47.9102  85  99  59  
-12.0674  2.05887  30.1553  7  4  0  
-22.911  4.14358  57.4178  101  117  88  
30.9848  8.44281  117.808  88  83  81  
8.73708  2.20561  31.2436  80  80  77  
11.6978  2.93739  41.3824  83  79  79  
-29.1535  5.68714  77.653  120  153  138  
-23.2887  4.6172  61.224  138  168  148  
-21.3816  4.34249  58.1863  142  177  158  
-33.68  7.13856  95.1969  139  172  155  
-3.29822  0.748982  10.1974  16  15  10  
-8.83224  2.14453  28.6711  13  5  5  
-26.1463  4.94661  63.0469  61  67  36  
-28.0202  5.99346  76.8696  95  118  130  
-11.0834  2.50126  32.0719  134  158  130  
-3.532  0.839963  10.9189  170  198  174  
-45.6886  12.1919  156.844  28  29  24  
-17.187  4.74849  61.4188  17  22  19  
-1.36436  0.416996  5.45779  34  32  31  
-22.2268  4.36297  55.1067  45  47  99  
-13.796  4.28067  53.7514  40  42  35  
-21.8391  3.91264  48.1575  73  97  91  
-25.7429  5.12352  62.7821  82  100  109  
-17.7243  3.94724  48.4086  86  127  158  
-1.69012  0.436553  5.49104  157  167  129  
-54.7142  14.9366  184.657  159  184  146  
-15.9177  4.46108  54.9956  182  212  200  
-17.9244  5.25822  64.6917  180  206  197  
-4.37221  1.29068  15.9815  163  189  182  
-31.676  6.55807  79.419  85  122  118  
-19.3883  5.0472  61.0499  88  102  35  
-29.8858  5.53555  65.4176  98  124  126  
-27.233  5.07667  60.0304  102  130  128  
-30.2107  6.21731  74.6373  107  124  120  
-29.101  7.09655  84.1339  113  128  96  
-15.4049  5.05647  60.4452  188  219  196  
-10.8968  4.4876  53.5969  32  32  28  
-17.1149  7.47096  88.8379  23  21  18  
-9.11471  4.09951  48.9749  32  25  23  
-24.8195  5.36914  62.1852  77  118  100  
-17.5365  5.14663  59.9302  101  111  75  
-17.3094  5.13523  59.7915  169  183  167  
-25.6045  5.50873  62.6818  21  35  8  
-23.0323  5.37022  61.0478  89  104  67  
-20.8179  5.04701  57.8796  93  121  134  
-21.9439  5.46702  62.6328  88  102  74  
-15.9077  3.9892  45.8319  101  105  70  
-20.2742  5.47967  63.2717  154  166  99  
-17.2891  4.87499  55.8198  90  85  28  
-14.9733  5.22806  60.2268  159  173  141  
-22.9366  10.2181  116.998  170  188  166  
-10.8909  6.00342  68.85  33  32  22  
-29.4384  7.20398  78.9245  87  108  100  
-23.6602  5.84818  65.2531  138  164  164  
-8.45298  4.38237  48.6853  194  210  178  
-7.78985  4.35326  48.3434  191  206  178  
-6.52313  5.01331  55.5133  48  51  52  
-6.33816  5.00456  55.411  44  45  47  
-28.7133  6.59203  71.7198  70  102  89  
-1.69378  0.52297  5.73445  126  127  95  
-30.3566  7.02854  74.5593  69  116  98  
-23.596  5.9524  63.6607  53  74  117  
-20.825  5.41181  57.8983  26  39  88  
-21.3118  5.65376  59.9569  118  140  152  
-15.629  5.14118  54.8835  113  126  91  
-12.0642  4.39682  47.3489  143  150  100  
-14.3588  5.44687  58.0452  117  115  74  
-11.2813  4.59689  49.0287  130  176  220  
-12.7393  5.49896  59.0225  134  182  223  
-10.1568  4.54155  48.41  96  113  99  
-8.03485  5.2656  56.3935  221  242  236  
-7.08826  5.21912  55.8696  193  228  241  
-5.97562  5.1647  55.2559  187  213  205  
-4.3522  5.0857  54.3649  64  58  52  
-3.40161  4.31078  46.1405  53  48  41  
-17.6208  5.33307  56.0422  79  82  12  
-18.3903  5.88283  62.2441  94  92  50  
-18.157  5.87077  62.1107  131  137  102  
-15.4521  5.30756  56.1622  146  173  156  
-14.4877  5.34957  55.6558  80  100  66  
-3.46252  1.01978  10.5472  130  130  66  
-16.3286  4.90738  50.3829  55  59  0  
-15.9673  5.52501  56.5924  136  170  128  
-10.1615  4.69549  48.4317  88  99  80  
-14.016  8.39438  86.8017  136  135  111  
-7.47104  5.41782  56.1241  109  112  127  
-7.00062  5.39402  55.865  101  120  188  
-5.9488  5.8198  60.1871  218  230  206  
-4.66304  4.86894  50.414  215  222  193  
-4.09078  5.24776  54.2715  220  232  195  
-2.95641  4.13459  42.8425  209  218  178  
-1.42666  5.11523  52.8268  60  61  59  
-0.928113  3.78067  39.1533  46  47  49  
-0.804682  3.77539  39.0951  46  46  48  
-16.4866  5.10059  51.9259  98  101  39  
-11.6864  5.29623  54.1515  82  118  184  
-7.53156  4.34745  44.1094  111  122  116  
-7.86298  5.62677  57.8135  190  202  187  
-25.6923  5.67497  57.0696  36  29  4  
-20.1671  4.73037  47.2319  103  105  44  
-12.8681  5.48389  55.6429  134  172  220  
-10.1968  5.57516  55.5947  35  28  7  
-4.9304  4.67987  46.9807  188  191  161  
-2.51737  4.56581  45.7723  212  220  180  
-2.24753  4.9127  49.2035  229  240  200  
-1.71649  4.52826  45.3742  237  255  249  
0.777533  3.59158  36.0055  52  50  52  
-11.8861  5.76238  56.6176  73  80  71  
-7.99181  4.5113  44.3708  104  128  117  
-8.88606  5.20008  51.0742  34  43  47  
-6.64045  5.4568  53.4923  151  182  236  
-5.50401  5.15436  50.9134  127  137  147  
-26.5003  7.40608  72.4565  75  94  109  
-19.0812  6.07772  58.5624  103  108  40  
-15.7007  5.02786  49.2456  145  167  84  
-13.5911  5.26332  51.4449  159  218  202  
-11.781  5.61849  53.9884  100  130  187  
-8.72813  5.40158  52.6239  43  55  39  
-6.73236  5.73899  55.8075  82  109  173  
-6.45343  5.72406  55.6553  92  113  199  
0.260675  4.57996  44.4421  245  255  235  
2.3997  3.88312  37.6729  50  47  48  
-26.92  6.85804  65.7099  17  17  0  
-26.3629  7.33998  70.2267  116  130  79  
-21.7603  6.10475  58.4676  117  134  93  
-18.8257  5.93404  56.773  82  79  24  
-16.5592  6.22477  59.4395  146  162  118  
-11.9083  5.5354  52.8138  88  116  178  
-4.93626  4.90652  47.0352  158  154  124  
-5.03324  5.38023  51.9141  157  142  102  
-4.08598  9.01826  86.6178  192  175  131  
-1.82231  4.82716  46.5349  231  240  224  
-17.5534  5.23778  49.4549  123  138  91  
-15.4631  4.7683  44.7132  121  128  67  
-15.2923  4.75895  44.6221  122  129  68  
-15.6144  5.17943  49.2158  94  88  34  
-0.3631  0.126192  1.22361  133  117  78  
-16.6962  6.47783  61.3734  152  200  170  
-19.0795  8.66107  81.8333  113  129  178  
-10.2132  6.11168  57.7596  44  49  48  
-10.446  6.66673  62.95  94  130  111  
-6.44724  5.44961  51.4638  163  193  239  
-5.26555  5.05721  48.1173  116  119  113  
0.244636  4.39456  41.4103  225  223  186  
2.68695  4.60592  43.3109  221  231  210  
4.30185  3.91867  36.8446  57  51  52  
-10.0177  6.00762  55.5612  124  136  123  
-6.79415  5.20586  48.8419  130  131  109  
-2.54124  6.91621  64.1059  175  166  135  
4.04323  6.20134  57.7481  191  205  182  
-26.6476  8.31284  76.0265  24  12  1  
-16.6107  5.25085  47.808  28  16  0  
-25.6557  8.53099  78.5193  122  123  65  
-12.0958  5.92421  54.471  121  147  213  
-9.10257  5.75948  52.8892  159  200  186  
-7.02531  6.11538  56.0584  99  118  193  
-1.49486  1.40908  12.9092  136  131  156  
-5.27018  5.21258  48.159  105  108  92  
-4.83351  6.16852  57.2936  152  131  75  
6.74467  5.35516  48.7608  119  123  122  
-14.0785  5.27543  47.6231  133  136  79  
-2.08564  5.06092  45.6967  136  113  72  
0.468598  4.93002  44.4525  158  145  107  
1.15362  4.89523  44.1217  186  187  159  
5.09886  4.45501  40.3538  151  150  143  
-23.5571  7.90323  70.7505  33  23  0  
-14.8073  5.29337  46.8227  41  27  3  
-14.2819  6.72396  60.0832  147  148  173  
-10.4293  6.49534  57.9574  90  89  55  
-4.98905  6.73638  59.9314  161  139  93  
-0.703742  5.46701  48.6095  146  100  78  
-0.437765  5.04907  44.9139  133  90  75  
-0.260511  4.29368  37.9792  167  136  104  
10.0984  6.44701  57.752  87  80  79  
9.36133  5.81658  52.1324  75  66  67  
9.66864  5.8066  52.0342  63  54  59  
-14.9372  6.68392  58.5329  137  138  94  
-10.233  6.57671  57.87  77  75  51  
-10.0334  6.56482  57.761  70  71  52  
-1.94183  5.20119  45.667  180  170  135  
0.468982  5.07454  44.4979  151  131  95  
0.606953  5.06735  44.4315  227  219  187  
1.33796  5.13396  45.3009  247  246  222  
0.169488  0.333457  3.00587  192  185  150  
3.96877  6.58892  57.9787  207  186  159  
3.32198  5.09879  45.2488  253  255  239  
8.69889  5.24842  46.0985  124  118  112  
-12.4061  5.29387  45.5178  45  34  14  
-15.3693  7.59151  65.9466  147  151  159  
-11.1553  5.87652  50.4221  122  131  131  
-10.901  5.76666  50.153  116  130  165  
-9.90125  8.2975  72.8421  142  142  146  
-6.25597  6.0309  52.6511  139  175  222  
-5.03262  5.07277  44.0339  128  144  165  
-3.87545  5.37926  46.6344  201  182  128  
-3.78328  5.79662  50.2163  125  104  74  
-0.124462  0.37487  3.32975  178  159  122  
-1.22027  5.23658  45.3368  132  91  58  
-0.851025  6.11455  52.8667  124  76  59  
-0.340501  4.82767  41.8011  121  84  67  
1.67786  5.64234  49.0733  253  255  231  
2.07679  6.15198  53.4686  206  197  173  
4.9546  4.70879  41.1918  244  231  194  
7.91767  5.0067  43.7026  217  219  204  
14.4182  7.32559  63.7071  79  73  78  
8.48672  4.234  36.961  73  65  69  
0.0337436  0.349077  3.05384  183  161  132  
0.759439  4.83831  41.3064  182  170  126  
2.24221  6.23214  53.4338  132  102  84  
2.03423  5.24982  45.0595  255  255  235  
2.57824  5.68035  48.7175  243  231  185  
2.89447  5.09066  43.3877  158  136  102  
4.1914  5.60514  48.0322  255  255  240  
4.37067  4.41302  37.8577  225  200  164  
6.51102  6.02817  51.5783  213  193  160  
8.22844  4.97411  42.5398  243  255  244  
-11.026  4.61529  38.9543  63  62  41  
-0.667322  0.384859  3.31201  144  120  81  
-4.38715  6.49895  54.7905  226  217  173  
-3.50061  5.50916  46.4885  135  130  121  
1.36054  5.24387  44.1412  195  176  127  
2.63484  5.34937  45.5889  194  161  111  
5.57316  8.50077  71.7401  215  201  171  
4.57251  5.0726  42.6238  81  39  56  
15.9513  9.90214  83.8124  250  254  230  
18.836  9.78058  82.7049  249  255  236  
11.6492  5.02839  42.6262  85  81  81  
-6.58914  5.63152  46.6747  159  157  159  
-0.985517  4.94604  40.9067  158  121  80  
2.1747  5.39102  45.0561  173  143  101  
3.02895  5.22559  43.3758  209  194  164  
6.41901  5.19581  43.3224  160  129  118  
6.86422  5.17596  43.1458  215  199  197  
7.11705  5.16474  43.0459  145  124  117  
-7.61867  6.87791  56.5637  168  189  207  
-6.9453  6.59658  53.9081  141  169  184  
-6.47414  6.28174  51.6747  165  199  218  
-6.58254  6.8132  56.0096  156  190  213  
-5.42715  5.76937  47.4714  154  179  193  
-3.95826  5.68557  46.7507  171  151  109  
-3.46566  5.26963  43.3476  246  244  222  
1.14977  5.99144  49.4291  164  136  94  
1.7595  5.80115  47.5461  240  225  183  
2.56835  5.50223  45.6736  177  138  94  
3.35734  5.27885  43.2477  175  145  124  
3.80724  5.38783  44.4086  96  73  70  
3.77882  4.98102  41.0722  250  244  236  
5.0653  5.32944  43.8971  180  143  107  
7.61878  5.30912  43.9473  239  221  182  
3.03239  5.36779  43.4264  186  169  136  
3.67549  5.46733  44.4925  249  237  223  
4.74016  5.41725  44.0597  79  71  80  
5.6467  5.45585  44.6332  159  130  103  
5.78028  5.45077  44.5883  235  218  192  
5.77179  5.01746  41.0565  217  198  163  
8.40148  5.35438  43.7351  255  255  237  
-9.40964  6.62914  53.2226  72  55  32  
-6.06427  5.96002  47.8202  147  146  151  
-6.58879  6.9952  56.062  145  139  156  
-3.46851  5.40987  43.3822  232  225  201  
-3.25345  6.42068  52.0622  247  255  237  
1.51027  6.48835  51.8312  237  223  182  
4.47888  5.50251  44.1963  240  255  254  
6.51549  5.49692  44.3791  124  85  91  
6.84531  5.48455  44.2711  109  76  89  
7.36996  5.46508  44.1011  80  51  55  
10.0668  5.36933  43.2621  250  230  191  
11.1196  4.51068  36.3243  254  255  236  
12.3753  4.85154  39.0359  244  255  248  
12.9166  4.45168  35.8039  100  95  93  
13.018  4.44846  35.7753  94  88  88  
13.2204  4.44205  35.7187  83  79  76  
-0.281577  0.227495  1.82032  135  109  82  
-0.63611  6.3278  50.2962  138  99  67  
3.03588  5.51035  43.4774  181  157  123  
3.88173  5.60434  44.4688  220  211  208  
5.78884  5.59878  44.6546  198  182  152  
6.25527  5.58082  44.5001  194  166  140  
7.63698  5.52887  44.0526  186  167  141  
9.3994  6.40591  50.6647  184  151  115  
7.84006  4.99626  39.5668  148  123  105  
9.28308  4.63615  36.9153  255  255  236  
-7.03552  6.2438  49.4864  101  87  64  
-7.26785  6.66564  52.1602  52  38  28  
-5.65127  6.51738  50.3575  104  99  70  
-4.71501  5.68324  43.942  119  107  71  
-3.04195  6.03004  47.4167  227  233  214  
1.09148  5.69315  44.4142  182  154  118  
1.88133  6.36225  50.1964  155  134  92  
3.94907  5.53005  43.0799  88  64  84  
4.07784  5.52276  43.0202  64  42  65  
6.36376  5.00172  38.9233  127  113  114  
6.33699  4.75769  37.2581  142  121  112  
7.73065  5.06718  39.6392  207  181  150  
8.31305  5.12478  40.3216  108  101  97  
12.4567  5.43528  42.6574  255  251  216  
14.3389  4.922  38.581  229  233  216  
8.23555  2.56131  20.196  79  67  66  
4.337  5.57898  42.9285  253  254  249  
3.12688  3.85128  29.8968  86  71  48  
4.98922  5.77945  44.9906  255  254  250  
9.92898  6.76991  52.5533  186  164  131  
10.7248  5.56552  43.1918  165  134  106  
-5.9514  7.31721  55.8262  57  41  32  
-0.330481  0.441063  3.35084  90  66  50  
1.34636  5.95333  45.5961  215  211  187  
1.43433  5.81866  44.3028  236  241  201  
1.65266  5.39444  41.0848  218  216  158  
3.75482  5.8316  44.6114  132  115  117  
3.95387  5.67204  43.1331  246  246  242  
6.73431  5.78502  44.4516  208  204  221  
6.52553  5.32861  40.9587  213  208  216  
6.79702  4.15716  31.593  117  116  110  
9.52941  5.68066  43.5848  78  70  71  
8.97486  5.23519  40.184  86  79  74  
10.3914  5.079  38.7201  214  196  161  
10.4743  4.77833  36.6467  187  183  149  
13.6239  4.6716  35.7533  240  230  192  
14.0277  4.65874  35.6451  250  242  204  
8.50747  2.75514  21.1882  224  221  193  
-0.197152  0.4389  3.3144  160  134  99  
3.5547  5.91559  44.7224  227  195  183  
4.72536  5.69843  42.807  220  211  201  
4.85232  5.69106  42.7489  143  107  72  
9.98418  5.73791  43.4909  160  150  125  
10.7442  5.71117  43.2704  154  120  100  
10.8703  5.7068  43.2344  230  212  192  
12.2632  5.18673  39.2627  194  179  158  
13.1567  5.21876  39.7202  234  233  220  
-3.85917  7.62665  57.4415  100  76  50  
1.2993  5.97232  44.416  110  100  75  
3.56916  5.8374  43.3656  247  235  210  
3.45011  5.05726  37.5962  247  244  219  
8.90317  5.85091  43.8523  165  167  146  
6.81513  4.36802  32.8015  154  157  141  
12.1327  5.73707  42.925  252  254  212  
12.4735  4.83164  36.1399  209  212  202  
11.9077  4.48877  33.5866  205  192  178  
13.6494  4.79261  35.8203  240  206  156  
7.2343  5.88015  43.3475  194  161  166  
8.03036  4.98678  36.7574  173  176  162  
10.1874  5.00266  37.2556  255  255  224  
12.2454  5.37598  39.986  242  217  176  
13.4076  4.86166  35.9217  250  233  202  
-1.51872  6.29206  45.7849  73  56  38  
-0.0803883  5.76728  41.9576  172  151  106  
3.73961  5.66265  41.3506  147  116  77  
4.90204  6.06924  44.2816  202  192  177  
7.79621  6.61597  48.4691  183  162  173  
8.85362  6.0009  43.9464  100  70  58  
11.4675  5.90641  43.1959  192  154  117  
10.7202  5.01668  36.7051  163  149  109  
-0.566493  5.47792  39.4289  105  96  73  
9.31317  5.9246  42.6449  73  66  54  
10.6232  5.08231  36.7662  235  233  191  
14.8473  6.57742  47.7545  201  180  148  
12.8167  5.00433  36.1531  251  251  234  
14.2589  5.46536  39.6801  197  185  157  
11.8339  4.35917  31.6897  210  181  141  
0.79397  7.08082  50.8633  141  112  74  
5.18315  7.40852  52.8136  202  182  161  
7.25099  6.09792  43.4479  196  154  152  
10.738  5.14025  36.7662  148  126  90  
12.103  5.09087  36.3829  151  125  94  
12.3109  5.08355  36.326  126  108  89  
11.1848  4.13047  29.7024  173  133  98  
0.187923  0.902719  6.35922  98  76  61  
7.35554  5.26609  37.1164  111  85  74  
11.8816  6.18347  43.9558  178  155  113  
14.595  6.74729  47.9058  188  161  124  
12.457  5.02657  35.3215  222  226  214  
4.54252  6.47686  45.4438  225  214  179  
7.46053  6.95829  48.7487  252  239  237  
7.043  6.37095  44.6491  255  254  247  
15.2951  6.07552  42.405  176  162  128  
8.76126  6.37731  44.173  133  96  74  
12.4665  6.24128  43.153  241  244  206  
13.3404  6.21176  42.9302  177  151  130  
6.75894  6.41652  43.7749  139  95  82  
9.80707  6.41191  43.9146  102  93  84  
11.2113  4.62042  31.621  199  200  180  
10.475  5.49916  37.452  188  181  129  
15.1533  7.67653  51.9044  186  179  152  
11.3142  5.43095  36.7733  190  156  134  
11.5256  5.42305  36.7154  253  249  231  
10.8294  5.98069  40.0821  203  174  132  
13.1318  5.89775  39.4791  133  137  116  
11.5458  5.54776  36.7796  245  238  215  
12.5697  5.56608  37.0735  138  157  139  
6.56992  5.74392  37.5947  153  127  101  
6.84518  5.72951  37.4952  138  104  82  
12.086  6.62761  43.4805  217  202  159  
11.3731  6.09737  40.0135  238  232  188  
16.7533  11.6886  75.0761  175  147  110  
10.2907  5.78596  37.2251  167  120  78  
10.5851  4.96951  31.9665  250  252  238  
12.9474  5.68478  36.5224  255  255  228  
9.74778  7.0176  44.2685  90  65  59  
16.5309  7.64197  48.3162  205  190  170  
12.6563  5.82164  36.6699  195  175  151  
14.1614  6.08855  38.1364  223  199  166  
13.8898  7.12762  44.2296  232  214  188  
12.15  5.96745  36.8711  255  255  219  
13.5946  6.49959  39.7512  255  254  228  
13.0209  6.06221  36.7299  237  229  190  
15.7883  7.10825  43.0277  221  207  165  
13.5477  6.04303  36.6039  228  210  170  
-3.32517  7.9389  47.0719  192  211  214  
-3.63155  8.03946  47.2342  23  17  13  
-3.56878  9.42622  55.3422  214  233  206  
-3.63515  8.19543  47.2805  34  29  22  
-2.80226  8.20965  46.9261  41  38  38  
-3.25752  8.32231  47.1548  221  230  203  
-20.647  8.47825  47.4802  18  9  2  
-3.55853  8.57848  48.3921  230  251  239  
-3.03168  8.38275  47.0762  52  35  23  
-3.04587  9.84499  55.2542  197  213  197  
-3.79585  8.52045  47.4434  25  25  14  
-0.743833  3.40329  18.8568  75  79  62  
-5.27755  50.0113  281.15  78  82  68  
-21.5134  8.70608  47.9242  197  192  160  
-18.4575  7.62793  41.9999  247  253  225  
-19.9867  8.5677  47.1459  200  213  183  
-3.12441  9.23529  50.9537  216  233  220  
-2.05951  8.4627  46.6899  190  207  185  
-1.27404  9.08655  50.1065  166  180  150  
0.316473  6.31169  34.8282  48  47  48  
0.905216  7.64479  42.1465  44  46  44  
-4.03402  8.85295  48.658  36  37  25  
-3.6461  8.66545  47.4217  245  248  238  
-2.79969  9.2938  50.8328  94  84  70  
-2.43377  8.56969  46.8806  77  75  68  
-21.9122  9.92357  53.6498  219  227  197  
-1.79417  12.1831  66.0017  91  87  72  
0.766015  3.93746  21.4003  44  43  42  
2.97296  14.4531  78.1952  48  48  43  
-3.51659  10.6638  57.5752  208  211  192  
-5.72067  3.11128  16.4713  12  0  0  
-2.15635  9.49567  50.6275  65  50  45  
-0.170222  2.85028  15.1502  97  104  93  
0.692673  8.55698  45.595  144  151  139  
2.19747  7.8297  41.7066  101  112  101  
-3.65689  9.3551  49.2879  234  242  213  
-0.838422  6.68522  35.3759  168  173  158  
-12.9076  6.85796  35.8746  229  238  208  
-11.3691  6.17388  32.3043  250  254  228  
-61.0051  36.1886  190.24  21  6  5  
-3.80929  9.07225  47.6103  234  238  216  
-3.35078  9.11355  47.4312  68  46  38  
-1.40042  8.95476  46.5788  30  27  11  
3.11762  8.59806  44.6617  113  115  100  
-2.50308  7.91822  40.8877  193  199  179  
-2.72965  9.8844  51.0056  200  209  179  
-2.36794  9.11162  47.0249  167  169  140  
-0.0808956  9.13581  47.3066  55  57  44  
0.765201  8.85889  45.6786  157  158  139  
0.91078  7.65322  39.4742  143  150  128  
2.33673  8.28238  42.8628  59  57  46  
-27.0556  19.5101  99.6785  65  50  43  
-2.14449  9.17179  46.9531  53  49  36  
-0.859008  4.63764  23.6992  122  112  102  
-1.25477  9.099  46.5687  188  185  176  
0.581863  8.63105  43.9777  60  66  46  
-59.8377  38.6632  196.734  255  255  233  
-26.0407  19.3531  98.4754  18  8  8  
-25.6677  19.3045  98.2237  11  0  0  
-19.6666  14.9719  76.2007  11  0  0  
-32.2896  25.8163  131.29  22  12  8  
-3.0509  9.32554  47.3725  37  32  16  
-2.89896  9.31289  47.3063  32  26  16  
-2.521  9.2815  47.1419  38  27  20  
-0.539582  7.39742  37.574  105  109  88  
0.234888  7.83767  39.7919  114  121  91  
1.04132  8.34246  42.336  141  143  117  
1.65821  6.84436  34.4686  93  90  75  
-28.1636  19.9633  100.013  235  231  204  
-35.0352  26.755  133.963  249  254  224  
-25.3309  19.589  98.1067  170  178  150  
-3.47564  30.805  154.308  44  32  26  
-0.0230103  9.99669  49.9359  95  94  83  
0.801965  9.39377  47.1032  145  148  130  
1.23865  8.46957  42.3062  127  121  99  
-53.0457  36.17  178.372  236  215  176  
-29.561  20.4845  101.056  231  209  168  
-25.1808  19.8985  98.1185  246  248  222  
-24.0809  19.7521  97.3848  156  166  141  
-20.1727  17.2017  84.8127  169  179  150  
1.93253  8.95009  43.5034  66  66  57  
2.61068  8.77392  42.9664  95  98  83  
2.91909  9.53031  46.3056  61  60  49  
-25.6964  25.9821  126.053  89  95  77  
-14.7238  11.9002  56.5429  141  120  100  
-18.2297  15.8171  75.667  96  85  66  
-22.7088  20.2247  96.7182  33  20  14  
-15.2833  14.0846  67.3765  50  45  43  
-18.002  24.9831  119.318  29  24  15  
-26.3048  23.7711  111.99  157  165  147  
-9.71658  13.724  64.6222  87  92  80  
-12.8101  12.9652  60.6564  112  107  85  
-12.6055  13.0447  60.5829  59  51  36  
-9.65638  10.145  47.1328  76  62  39  
-13.9185  15.8293  73.4795  104  99  72  
-8.88421  15.2684  70.8203  88  94  78  
-7.08496  12.4944  57.9666  86  92  81  
-8.23977  16.8858  78.2931  36  40  29  
-13.5656  14.5704  66.6872  18  3  0  
-10.799  12.5855  57.3967  26  12  2  
-10.5497  13.036  59.6531  128  129  104  
-12.2971  15.894  72.7065  111  105  82  
-3.33585  8.66785  39.5046  64  63  50  
-15.2449  16.4803  74.3569  163  163  152  
-10.7128  15.9621  71.9713  120  121  102  
-8.13523  14.2144  64.0821  32  27  26  
-5.58815  17.1148  77.0904  91  95  81  
-12.0312  15.1532  68.1123  75  63  42  
-12.3268  13.6196  60.6078  145  150  130  
-9.18564  10.6734  47.1783  15  11  0  
-10.9727  16.2388  72.204  47  39  15  
-9.2822  16.0471  71.3332  147  155  139  
-11.8902  22.6762  101.46  92  92  85  
-6.70832  15.7586  70.0229  68  71  65  
-3.91524  13.9951  62.1705  41  25  18  
-8.40057  12.0115  52.5183  59  54  30  
-12.0254  13.7899  60.5198  159  161  142  
-5.22378  13.0946  57.3978  122  126  115  
-4.6256  14.2848  62.596  45  40  36  
-3.59858  11.8791  52.0628  16  9  7  
-8.21363  12.9555  56.2477  54  46  22  
-12.9327  15.3963  66.6447  159  162  145  
-3.84413  13.1542  56.8646  140  149  138  
-3.38857  13.1094  56.6658  122  127  115  
-3.20726  13.0916  56.5869  114  119  107  
0.43726  13.3291  57.376  68  69  58  
-9.33025  11.5586  49.2131  106  102  79  
-7.62111  13.7325  58.6129  136  134  111  
-3.03685  14.5556  62.0645  140  148  133  
-2.22239  13.1908  56.2446  136  148  136  
-0.510005  14.2966  60.9328  19  18  9  
0.248995  14.2198  60.5969  10  11  9  
-11.439  14.3348  60.4169  157  154  134  
-1.16166  13.283  55.8814  136  144  133  
-0.102342  12.083  50.8277  108  114  103  
16.2145  9.18981  38.8706  57  50  32  
-11.033  14.3927  60.2595  78  69  45  
-13.3409  24.5938  102.869  53  42  22  
-12.2419  16.6795  68.699  55  47  32  
-7.26111  14.2952  58.662  76  62  44  
3.68538  8.48383  34.3083  9  10  5  
2.98535  5.98085  24.0431  20  19  11  
-14.1824  19.3126  77.5454  77  74  52  
-11.6704  16.8383  66.5671  21  17  9  
-7.15254  14.2621  56.1869  34  25  13  
-12.0388  25.218  99.9246  98  92  83  
6.37646  12.386  48.8218  73  77  62  
11.5798  13.9248  55.006  74  70  66  
25.0034  25.1348  99.5163  50  42  39  
-12.0261  17.1084  66.8122  142  143  128  
-9.10177  13.9252  54.0513  16  11  4  
-7.10476  15.0867  58.8862  151  151  130  
11.136  14.6909  57.5084  27  22  19  
10.4402  13.2384  51.8226  29  23  21  
-23.6352  13.4533  51.743  88  75  60  
12.4186  16.7203  64.6583  99  102  101  
-29.3875  17.1601  65.2023  255  255  225  
-29.1166  17.1209  65.0516  248  248  214  
-24.1051  14.4813  55.0217  87  78  62  
-12.4267  19.4583  74.1659  140  143  124  
-10.5919  17.4007  66.3215  25  22  16  
-6.15298  13.9739  52.6174  58  49  40  
-28.9919  17.3109  64.9997  255  255  219  
-28.0567  17.1748  64.482  255  255  227  
-27.2674  17.0601  64.0459  96  87  73  
-12.0692  19.6744  74.1039  149  151  137  
19.0318  17.1882  64.8369  49  46  49  
17.7965  15.261  57.562  57  57  54  
-27.279  17.2678  64.0732  255  255  225  
-27.0184  17.2297  63.9299  254  255  221  
-26.501  17.154  63.6454  122  117  99  
-26.2441  17.1164  63.5043  89  77  67  
-10.6216  17.8654  66.5085  137  139  122  
-10.4149  22.03  81.9802  12  2  0  
14.3571  13.9276  51.9409  122  128  118  
-7.59052  19.5176  72.1994  51  41  33  
-26.9007  17.4183  63.8873  255  255  223  
-26.0009  17.2856  63.3945  247  248  215  
-25.241  17.1739  62.9793  93  86  75  
-82.9151  56.6051  208.716  86  75  67  
-12.6567  22.6309  83.268  148  149  137  
-8.72895  16.2909  59.9442  14  12  4  
-9.30691  17.9434  66.0195  7  2  2  
-8.6512  17.8675  65.7343  117  122  111  
-7.34788  16.1378  59.369  15  6  3  
-11.4222  34.0801  126.032  138  129  108  
16.2336  18.8839  69.4332  93  88  81  
22.1573  17.7532  65.4003  66  66  62  
-4.67851  12.53  45.5683  82  71  62  
-21.3405  14.8065  53.6835  255  255  228  
-20.5109  14.6939  53.2694  89  71  60  
-9.28963  20.1167  73.1624  144  150  139  
-7.79832  18.0009  65.4652  3  3  0  
22.1421  18.0274  65.6569  151  155  144  
17.9762  14.3017  52.0891  37  34  27  
-22.6009  16.1106  57.7519  255  254  220  
-7.91852  18.247  65.6158  141  147  136  
-7.38093  18.1852  65.3891  13  6  3  
14.4501  17.6405  63.2354  28  18  9  
15.2937  18.2354  65.7314  135  136  133  
20.0427  16.202  58.3452  162  167  157  
20.5949  16.2079  58.3616  34  27  24  
22.1672  16.2295  58.4249  148  135  117  
-15.6071  12.7892  45.3216  149  137  116  
-15.2719  12.7463  45.1672  90  75  63  
-11.6817  10.0318  35.5486  100  87  80  
-7.60773  18.4444  65.5861  142  147  134  
-4.66838  12.1312  42.9009  7  5  0  
-5.44599  16.552  58.8464  32  24  5  
20.4839  16.4465  58.5645  154  159  148  
23.8071  18.6206  66.2979  40  31  33  
22.6259  16.481  58.6681  157  151  127  
-54.6491  51.8914  182.76  122  108  100  
-5.07284  13.1297  45.9238  128  135  118  
-7.86239  29.6569  104.826  78  66  46  
20.9309  16.6949  58.7926  150  156  145  
21.3984  16.7028  58.8165  33  32  27  
22.3369  16.7207  58.8711  46  39  21  
31.6002  23.3204  82.5509  52  42  23  
23.0914  16.7367  58.921  158  145  129  
-12.8489  11.3788  39.6582  246  239  201  
11.3113  16.6956  58.8814  115  110  106  
17.6323  21.6168  75.7871  167  161  152  
-19.0143  18.0244  62.6314  229  225  188  
-18.7848  17.9923  62.5182  216  210  175  
-30.1585  30.0822  104.793  169  155  131  
-25.1551  25.941  90.361  113  98  91  
-5.74962  17.0029  59.138  13  2  0  
-5.19157  18.638  64.8143  31  23  5  
-4.32467  16.8485  58.5892  94  83  62  
-8.57176  36.4923  127.568  92  83  60  
21.3841  16.9474  59.03  148  152  141  
19.527  15.1486  52.7627  36  30  31  
-2.83377  13.6798  47.1823  107  107  85  
-28.785  27.8418  95.6981  174  139  120  
-35.7621  35.2749  121.239  147  115  100  
-20.5898  20.7674  71.569  171  161  146  
-21.9127  23.1054  79.6168  190  179  159  
-18.5046  19.9982  68.5384  159  156  140  
-6.61725  21.1194  72.66  18  12  8  
-2.89562  11.6143  39.7422  43  31  9  
33.8676  24.3561  84.3424  170  156  140  
-32.8241  21.9797  75.2336  228  202  166  
-3.33375  16.2295  55.3779  90  81  61  
-18.0777  16.9859  57.7729  194  164  147  
-24.7992  24.9009  84.6759  255  255  224  
-6.0529  19.2076  65.382  137  146  130  
-6.15959  21.3337  72.6133  10  8  2  
-5.92503  21.3055  72.5157  5  3  0  
-4.20435  25.3492  86.4829  111  106  90  
22.2145  17.4626  59.5258  161  167  156  
20.3313  15.5907  53.1421  35  29  24  
24.3375  17.5248  59.7207  164  153  134  
-27.757  25.5618  86.4844  224  193  161  
-19.329  21.982  74.3359  230  213  177  
16.8116  12.4459  42.0831  60  54  36  
-3.71336  12.7433  42.6961  148  157  145  
-5.0099  19.3274  65.0893  7  3  0  
22.5904  17.725  59.7825  152  157  146  
-29.8267  26.2245  87.8123  233  184  157  
17.7675  22.9173  77.3885  36  25  16  
-30.8513  26.421  87.7896  198  148  129  
-26.9151  28.5015  94.8969  210  161  130  
-21.9946  23.941  79.9159  222  174  142  
-20.9964  23.8016  79.4433  255  244  200  
-3.3722  12.8469  42.594  139  145  134  
-3.97488  17.6549  58.8341  14  7  6  
-5.64952  38.5505  129.108  107  92  69  
16.2773  21.6034  72.0064  51  50  39  
40.2478  30.7166  103.042  37  33  29  
-23.7486  19.6598  65.1626  199  146  124  
-28.4073  28.9614  95.9392  235  182  151  
-28.0379  28.8897  95.6994  228  169  145  
-0.295866  17.3789  57.5854  37  34  13  
45.7062  34.5954  115.747  53  47  39  
-42.675  32.9767  108.483  255  252  208  
-39.2346  31.8975  104.917  172  125  113  
-38.7567  31.7743  104.509  154  108  92  
-32.4954  27.0348  88.9174  210  160  137  
-28.1358  24.3603  80.1109  255  255  221  
-20.4416  22.8915  75.2333  85  52  42  
-18.4741  20.9428  68.8269  73  43  33  
-3.16984  12.9684  42.5543  149  156  145  
40.2137  31.1356  103.369  156  158  148  
24.0502  18.2881  60.4014  26  22  17  
19.4012  14.0338  46.2242  158  147  134  
-30.5518  32.8385  107.659  180  137  124  
-0.42816  21.7277  71.0766  78  73  53  
18.5269  24.1249  79.5789  24  15  8  
18.7931  24.1479  79.653  173  165  156  
20.0657  14.7578  48.4867  53  39  32  
-27.0413  21.1285  68.7984  152  109  97  
-34.8696  27.8785  90.7721  175  127  117  
-19.9964  16.814  54.8772  255  251  213  
-22.061  19.7329  64.3931  255  227  189  
-25.4979  24.1289  78.5268  168  120  104  
-20.9231  20.108  65.438  183  132  116  
-21.2843  21.269  69.3862  215  167  146  
-20.3461  24.2636  79.3268  79  66  59  
-3.78487  19.9106  64.9933  20  18  11  
-1.83788  19.6992  64.2883  116  105  84  
23.8517  18.541  60.6148  151  153  142  
-20.1427  16.173  52.393  255  255  230  
-17.4908  14.6701  47.3975  247  211  177  
-26.6216  24.6192  79.3228  173  124  104  
-30.7151  29.029  93.9995  168  121  107  
-20.3739  24.545  79.4358  255  255  224  
-20.0933  24.5059  79.3073  241  244  201  
-25.5627  31.955  103.41  195  192  157  
-9.40792  51.4951  167.24  121  130  119  
-3.42501  22.38  72.3113  4  0  1  
-1.75638  18.0635  58.3562  22  5  0  
9.39954  15.0937  48.9241  71  70  59  
24.3525  18.8253  60.9206  143  148  137  
-27.7706  20.9179  67.2681  255  244  207  
-26.5915  20.7376  66.6809  255  254  216  
-1.40753  20.4958  65.7128  47  30  23  
-0.64847  17.0959  54.8075  97  89  72  
-39.7021  30.8136  98.8368  230  213  178  
-16.5908  18.3983  58.9578  168  124  95  
-27.4968  32.6547  104.631  153  115  92  
-27.1175  32.5921  104.427  160  129  104  
-3.54809  22.673  72.5275  142  150  141  
17.9661  24.2728  78.2593  33  31  27  
18.4837  24.4353  78.3849  49  37  19  
19.2251  25.0073  80.419  123  115  103  
24.5572  19.1005  61.193  155  157  146  
-30.9929  22.2145  71.0949  216  188  150  
-30.0589  34.7859  111.189  171  145  115  
17.7195  24.3918  78.2517  121  117  107  
21.9401  16.2028  51.5138  52  36  27  
31.1665  23.6715  74.7105  31  26  20  
